.04400,0.16100,-0.16100,1.4090e+02,2.060e+01,-2.060e+01,1.09,3.100e-01,-1.100e-01,1825.0,,,2623.55,2247.63,-768.54,10.80,1,q1_q17_dr25_tce,5806.00,163.00,-204.00,4.528,0.036,-0.192,0.8990,0.2600,-0.0870,287.812870,46.340569,15.769
9643210,K07952.01,,FALSE POSITIVE,FALSE POSITIVE,0.0380,1,0,0,0,3.850304552,,,132.1063696,,,0.2900,,,1.53370,,,1.5800e+02,,,0.28,4.000e-02,-3.000e-02,407.0,,,6.44,2.41,-1.60,5.30,2,q1_q17_dr25_tce,3274.00,42.00,-32.00,5.044,0.044,-0.044,0.2240,0.0320,-0.0260,289.241580,46.359711,15.610
9650579,K07953.01,,CANDIDATE,CANDIDATE,0.3350,0,0,0,0,432.969050000,4.6340000e-02,-4.6340000e-02,186.7367000,6.310000e-02,-6.310000e-02,0.4000,0.0690,-0.4000,20.76000,3.50000,-3.50000,2.5790e+02,5.100e+01,-5.100e+01,1.43,3.300e-01,-1.200e-01,219.0,,,0.55,0.37,-0.14,8.10,1,q1_q17_dr25_tce,5580.00,150.00,-166.00,4.538,0.031,-0.178,0.8860,0.2070,-0.0740,292.412110,46.363880,14.942
9650762,K07954.01,,CANDIDATE,CANDIDATE,0.8390,0,0,0,0,372.150350000,2.7520000e-02,-2.7520000e-02,453.6928000,5.630000e-02,-5.630000e-02,0.2590,0.2060,-0.2590,21.23000,1.70000,-1.70000,4.5740e+02,4.240e+01,-4.240e+01,1.74,4.600e-01,-1.400e-01,232.0,,,0.69,0.52,-0.18,12.30,1,q1_q17_dr25_tce,5769.00,155.00,-172.00,4.570,0.042,-0.168,0.8120,0.2120,-0.0660,292.481660,46.371479,15.138
9651155,K07955.01,,FALSE POSITIVE,FALSE POSITIVE,0.0000,0,1,0,0,1.073831540,1.6250000e-05,-1.6250000e-05,132.0326000,2.120000e-02,-2.120000e-02,1.1980,0.1120,-0.0810,4.84600,0.11700,-0.11700,3.1355e+04,3.130e+02,-3.130e+02,137.54,1.496e+01,-5.985e+01,3791.0,,,48979.38,18214.48,-35798.34,137.30,1,q1_q17_dr25_tce,8059.00,224.00,-336.00,3.789,0.399,-0.070,2.8590,0.3110,-1.2440,292.640630,46.388039,14.902
11709006,K08061.01,,FALSE POSITIVE,FALSE POSITIVE,1.0000,1,0,0,0,0.719741000,5.0310000e-04,-5.0310000e-04,131.8980000,4.300000e-01,-4.300000e-01,0.2750,0.2020,-0.2750,2.62800,0.61300,-0.61300,3.2200e+01,3.710e+01,-3.710e+01,0.57,6.000e-02,-3.000e-02,2074.0,,,4398.76,1549.62,-799.53,6.50,5,q1_q17_dr25_tce,6014.00,120.00,-132.00,4.486,0.024,-0.096,0.9930,0.1170,-0.0540,289.735600,49.859787,8.777
11714107,K08063.01,,CANDIDATE,CANDIDATE,0.4710,0,0,0,0,405.354570000,1.2340000e-02,-1.2340000e-02,311.8000000,2.650000e-02,-2.650000e-02,0.2850,0.1630,-0.2850,10.77800,0.80200,-0.80200,5.4560e+02,6.390e+01,-6.390e+01,2.11,5.600e-01,-2.400e-01,232.0,,,0.69,0.54,-0.21,10.20,1,q1_q17_dr25_tce,5650.00,152.00,-169.00,4.487,0.060,-0.180,0.9060,0.2420,-0.1040,292.587340,49.834469,15.328
11724094,K08064.01,,FALSE POSITIVE,FALSE POSITIVE,0.0000,0,1,0,0,1.476230610,1.6200000e-05,-1.6200000e-05,131.6030000,1.050000e-02,-1.050000e-02,0.3750,0.0900,-0.3750,2.03200,0.27700,-0.27700,3.9100e+01,5.000e+00,-5.000e+00,0.71,2.200e-01,-8.000e-02,1802.0,,,2484.49,2304.48,-744.43,9.70,1,q1_q17_dr25_tce,6325.00,168.00,-205.00,4.409,0.067,-0.202,1.1120,0.3530,-0.1180,296.978610,49.817329,14.063
11774383,K08065.01,,FALSE POSITIVE,FALSE POSITIVE,0.0000,0,1,0,0,0.520227316,4.8600000e-07,-4.8600000e-07,131.8379600,1.040000e-03,-1.040000e-03,1.0520,3.6840,-0.2280,1.79390,0.02870,-0.02870,6.8633e+04,7.140e+02,-7.140e+02,50.41,0.000e+00,0.000e+00,2264.0,,,6193.15,0.00,0.00,122.30,1,q1_q17_dr25_tce,5780.00,,,4.438,,,1.0000,,,297.044310,49.970200,19.174
11804952,K08066.01,,FALSE POSITIVE,FALSE POSITIVE,0.1970,1,0,0,0,36.319288500,4.4840000e-04,-4.4840000e-04,155.9447600,9.010000e-03,-9.010000e-03,0.5710,0.4050,-0.3640,2.60100,0.37100,-0.37100,4.0020e+02,5.730e+01,-5.730e+01,25.43,1.020e+00,-9.210e+00,1410.0,,,933.26,117.47,-614.07,8.60,1,q1_q17_dr25_tce,5008.00,50.00,-213.00,2.706,0.030,-0.030,12.3900,0.4980,-4.4860,286.566530,50.089470,13.560
11819135,K08067.01,,FALSE POSITIVE,FALSE POSITIVE,0.0000,0,1,0,0,1.901655058,6.1750000e-06,-6.1750000e-06,132.8336400,2.940000e-03,-2.940000e-03,1.0320,0.1020,-0.0730,4.65450,0.03760,-0.03760,8.7321e+04,5.600e+02,-5.600e+02,89.89,2.616e+01,-2.617e+01,2192.0,,,5467.30,4836.71,-3182.07,190.60,1,q1_q17_dr25_tce,6929.00,216.00,-312.00,4.102,0.214,-0.175,1.7040,0.4960,-0.4960,294.457280,50.030270,15.064
11904835,K08068.01,,CANDIDATE,CANDIDATE,0.9980,0,0,0,0,9.464041300,2.7980000e-04,-2.7980000e-04,138.4500000,2.240000e-02,-2.240000e-02,0.0480,0.4200,-0.0480,6.99900,0.56300,-0.56300,2.0990e+02,2.560e+01,-2.560e+01,1.28,3.700e-01,-1.300e-01,839.0,,,117.23,100.35,-32.72,9.40,1,q1_q17_dr25_tce,5968.00,161.00,-179.00,4.534,0.036,-0.204,0.8810,0.2570,-0.0860,286.121770,50.279449,15.807
8742735,K08165.01,,FALSE POSITIVE,FALSE POSITIVE,0.0000,1,0,0,0,331.926220000,1.9880000e-02,-1.9880000e-02,289.5792000,2.510000e-02,-2.510000e-02,0.0260,0.4030,-0.0260,10.84000,1.10000,-1.10000,8.0900e+02,1.120e+02,-1.120e+02,2.25,5.500e-01,-1.800e-01,235.0,,,0.72,0.52,-0.18,8.70,1,q1_q17_dr25_tce,5652.00,152.00,-152.00,4.577,0.040,-0.160,0.7980,0.1940,-0.0650,287.047420,44.987968,15.986
8743244,K08166.01,,FALSE POSITIVE,FALSE POSITIVE,0.0000,1,0,0,0,346.316880000,1.7710000e-02,-1.7710000e-02,247.1069000,4.060000e-02,-4.060000e-02,0.9540,6.8660,-0.0330,21.92000,1.50000,-1.50000,1.4350e+03,1.010e+02,-1.010e+02,5.21,1.640e+00,-7.000e-01,278.0,,,1.42,1.35,-0.50,17.00,1,q1_q17_dr25_tce,6060.00,191.00,-212.00,4.408,0.087,-0.203,1.0680,0.3370,-0.1440,287.338070,44.918709,15.386
8743244,K08166.02,,FALSE POSITIVE,FALSE POSITIVE,0.0000,1,0,0,0,365.610870000,1.9780000e-02,-1.9780000e-02,185.4567000,3.210000e-02,-3.210000e-02,0.9350,0.0380,-0.6960,16.10200,0.84900,-0.84900,1.1160e+03,1.000e+02,-1.000e+02,4.42,1.390e+00,-6.000e-01,273.0,,,1.32,1.26,-0.46,12.30,3,q1_q17_dr25_tce,6060.00,191.00,-212.00,4.408,0.087,-0.203,1.0680,0.3370,-0.1440,287.338070,44.918709,15.386
8748435,K08167.01,,FALSE POSITIVE,FALSE POSITIVE,0.0000,1,0,0,0,259.857360000,1.5120000e-02,-1.5120000e-02,291.1798000,5.280000e-02,-5.280000e-02,0.5120,0.0790,-0.4290,24.04000,1.70000,-1.70000,3.0770e+02,2.640e+01,-2.640e+01,1.33,2.200e-01,-1.000e-01,237.0,,,0.74,0.39,-0.17,14.20,1,q1_q17_dr25_tce,5374.00,159.00,-143.00,4.610,0.037,-0.105,0.7440,0.1220,-0.0570,289.868040,44.960030,14.458
8766268,K08168.01,,FALSE POSITIVE,FALSE POSITIVE,0.0000,0,0,1,1,5.297317360,9.1760000e-05,-9.1760000e-05,135.5479000,1.490000e-02,-1.490000e-02,0.1920,0.2720,-0.1920,3.34100,0.37900,-0.37900,1.6750e+02,2.290e+01,-2.290e+01,1.13,3.600e-01,-1.100e-01,989.0,,,226.10,218.10,-67.06,8.70,1,q1_q17_dr25_tce,5815.00,184.00,-204.00,4.540,0.037,-0.213,0.8770,0.2780,-0.0870,296.422640,44.976181,15.654
8808064,K08169.01,,FALSE POSITIVE,FALSE POSITIVE,0.1530,1,0,0,0,447.970280000,2.9490000e-02,-2.9490000e-02,559.6455000,3.700000e-02,-3.700000e-02,0.0210,0.4100,-0.0210,10.85700,0.84300,-0.84300,5.1270e+02,6.150e+01,-6.150e+01,2.00,6.200e-01,-2.000e-01,230.0,,,0.67,0.60,-0.19,9.20,1,q1_q17_dr25_tce,5911.00,159.00,-177.00,4.530,0.050,-0.212,0.8870,0.2730,-0.0910,287.100130,45.006310,15.152
8813404,K08170.01,,FALSE POSITIVE,FALSE POSITIVE,0.0040,1,0,0,0,374.800950000,1.0500000e-02,-1.0500000e-02,457.3021000,1.960000e-02,-1.960000e-02,0.5390,0.0430,-0.4460,10.69100,0.69000,-0.69000,1.4440e+02,1.500e+01,-1.500e+01,1.53,3.000e-01,-3.700e-01,286.0,,,1.59,0.93,-0.77,11.40,1,q1_q17_dr25_tce,5804.00,146.00,-146.00,4.214,0.228,-0.123,1.2340,0.2440,-0.2990,289.752960,45.006290,12.283
8329346,K08275.01,,CANDIDATE,CANDIDATE,0.2290,0,0,0,0,389.875816000,7.1940000e-03,-7.1940000e-03,273.6498000,1.420000e-02,-1.420000e-02,0.5760,0.0060,-0.4770,3.33600,0.42200,-0.42200,2.1340e+03,2.960e+02,-2.960e+02,3.76,6.300e-01,-2.900e-01,207.0,,,0.44,0.24,-0.11,8.90,1,q1_q17_dr25_tce,5289.00,185.00,-167.00,4.588,0.028,-0.119,0.7900,0.1330,-0.0610,300.696720,44.298409,15.953
8637903,K08276.01,,CANDIDATE,CANDIDATE,0.5410,0,0,0,0,385.858683000,5.2610000e-03,-5.2610000e-03,343.6482700,9.070000e-03,-9.070000e-03,0.8770,0.0910,-0.6300,12.07100,0.33100,-0.33100,5.4840e+02,2.950e+01,-2.950e+01,3.23,1.000e+00,-4.100e-01,300.0,,,1.92,1.69,-0.63,21.20,1,q1_q17_dr25_tce,6551.00,149.00,-216.00,4.367,0.065,-0.195,1.1950,0.3720,-0.1490,296.407870,44.773640,13.993
8673511,K08277.01,,CANDIDATE,CANDIDATE,0.4490,0,0,0,0,0.757261281,3.7680000e-06,-3.7680000e-06,131.6215400,4.720000e-03,-4.720000e-03,0.3220,0.1900,-0.3210,0.90500,0.29800,-0.29800,3.6500e+01,5.600e+00,-5.600e+00,0.58,1.700e-01,-6.000e-02,1908.0,,,3119.75,2686.06,-873.02,10.20,1,q1_q17_dr25_tce,5651.00,154.00,-171.00,4.479,0.062,-0.200,0.9530,0.2790,-0.0930,284.295650,44.895859,14.024
8873674,K08278.01,,FALSE POSITIVE,FALSE POSITIVE,0.4500,1,0,0,0,172.280975000,9.9500000e-03,-9.9500000e-03,216.0303000,4.460000e-02,-4.460000e-02,0.6020,0.3560,-0.3910,12.24000,1.20000,-1.20000,3.1380e+02,3.640e+01,-3.640e+01,1.60,4.500e-01,-1.500e-01,301.0,,,1.95,1.62,-0.53,10.20,1,q1_q17_dr25_tce,5659.00,152.00,-169.00,4.538,0.034,-0.184,0.8690,0.2460,-0.0820,286.862180,45.151569,15.112
9011955,K08279.01,,CANDIDATE,CANDIDATE,0.7020,0,0,0,0,367.089600000,2.2810000e-02,-2.2810000e-02,178.6744000,4.220000e-02,-4.220000e-02,1.2420,72.9900,-3.6310,28.02000,1.40000,-1.40000,2.0923e+03,9.350e+01,-9.350e+01,35.30,1.232e+01,-4.110e+00,281.0,,,1.48,1.53,-0.50,27.70,1,q1_q17_dr25_tce,6268.00,173.00,-260.00,4.429,0.058,-0.232,1.1000,0.3840,-0.1280,287.867370,45.321289,15.267
9159288,K08280.01,,CANDIDATE,CANDIDATE,0.7750,0,0,0,0,66.673050000,1.2440000e-02,-1.2440000e-02,161.5900000,1.760000e-01,-1.760000e-01,0.4150,0.0490,-0.4150,6.38100,0.80400,-0.80400,4.7210e+02,4.910e+01,-4.910e+01,2.64,9.000e-01,-3.000e-01,542.0,,,20.35,19.92,-6.70,9.60,1,q1_q17_dr25_tce,6592.00,163.00,-256.00,4.369,0.072,-0.217,1.1900,0.4040,-0.1350,293.689790,45.549332,14.634
9209808,K08281.01,,FALSE POSITIVE,FALSE POSITIVE,0.1410,1,0,0,0,244.547128000,5.6860000e-03,-5.6860000e-03,133.3618000,2.030000e-02,-2.030000e-02,0.0030,0.4540,-0.0030,3.59000,0.61300,-0.61300,5.8700e+02,1.110e+02,-1.110e+02,1.74,2.000e-01,-1.400e-01,228.0,,,0.64,0.26,-0.15,6.40,1,q1_q17_dr25_tce,5094.00,153.00,-138.00,4.612,0.035,-0.075,0.7360,0.0880,-0.0590,287.894380,45.606468,15.492
9656547,K07956.01,,FALSE POSITIVE,FALSE POSITIVE,0.0000,0,0,1,1,1.272287710,1.3650000e-05,-1.3650000e-05,132.4994500,9.840000e-03,-9.840000e-03,0.4280,0.0290,-0.4280,2.09900,0.32800,-0.32800,8.2900e+01,1.130e+01,-1.130e+01,0.63,7.000e-02,-5.000e-02,1275.0,,,624.11,250.50,-152.05,9.50,1,q1_q17_dr25_tce,5044.00,136.00,-151.00,4.640,0.030,-0.070,0.6860,0.0840,-0.0520,294.772160,46.377731,15.457
9658192,K07957.01,,FALSE POSITIVE,FALSE POSITIVE,0.0000,0,0,1,0,1.886002102,9.6740000e-06,-9.6740000e-06,131.7415300,4.580000e-03,-4.580000e-03,0.3610,0.2740,-0.3610,1.02100,0.26200,-0.26200,4.7400e+01,9.500e+00,-9.500e+00,0.65,1.900e-01,-7.000e-02,1433.0,,,997.72,848.55,-279.28,7.60,1,q1_q17_dr25_tce,5793.00,144.00,-173.00,4.485,0.065,-0.195,0.9250,0.2730,-0.0910,295.392120,46.329639,14.007
9710611,K07958.01,,FALSE POSITIVE,FALSE POSITIVE,0.1860,1,0,0,0,386.354440000,1.3590000e-02,-1.3590000e-02,359.0914000,2.540000e-02,-2.540000e-02,0.7050,0.2680,-0.4770,9.59400,0.56700,-0.56700,1.2960e+02,1.480e+01,-1.480e+01,1.43,3.200e-01,-2.100e-01,287.0,,,1.60,1.06,-0.58,10.90,2,q1_q17_dr25_tce,6165.00,154.00,-185.00,4.319,0.121,-0.148,1.1770,0.2650,-0.1770,291.976560,46.414631,12.458
9710626,K07959.01,,FALSE POSITIVE,FALSE POSITIVE,0.0000,1,0,0,0,371.214540000,2.4070000e-02,-2.4070000e-02,497.5266000,3.590000e-02,-3.590000e-02,1.2540,75.4800,-2.4650,19.40000,2.10000,-2.10000,1.7800e+03,1.540e+02,-1.540e+02,28.21,4.250e+00,-1.690e+00,212.0,,,0.47,0.24,-0.10,14.40,1,q1_q17_dr25_tce,5189.00,171.00,-155.00,4.557,0.028,-0.119,0.8500,0.1280,-0.0510,291.982970,46.486462,15.713
9710792,K07960.01,,FALSE POSITIVE,FALSE POSITIVE,0.0000,1,0,0,0,365.543500000,3.7850000e-02,-3.7850000e-02,132.6904000,9.530000e-02,-9.530000e-02,0.5180,0.4320,-0.2920,14.78000,1.30000,-1.30000,7.5310e+02,6.810e+01,-6.810e+01,3.04,8.400e-01,-3.600e-01,283.0,,,1.51,1.22,-0.48,13.40,1,q1_q17_dr25_tce,6306.00,168.00,-205.00,4.426,0.062,-0.187,1.0760,0.2960,-0.1270,292.052670,46.430210,15.397
9770983,K07961.01,,FALSE POSITIVE,FALSE POSITIVE,0.3820,0,0,1,0,7.029323390,7.9830000e-05,-7.9830000e-05,134.6643400,8.990000e-03,-8.990000e-03,0.0980,0.3650,-0.0980,2.85300,0.25600,-0.25600,8.1600e+01,1.080e+01,-1.080e+01,0.92,2.400e-01,-8.000e-02,974.0,,,212.66,172.31,-61.09,8.70,1,q1_q17_dr25_tce,5977.00,182.00,-223.00,4.473,0.044,-0.187,1.0220,0.2730,-0.0910,291.993500,46.516071,14.270
9777089,K07962.01,,FALSE POSITIVE,FALSE POSITIVE,0.0000,1,0,1,1,19.229478000,1.2620000e-03,-1.2620000e-03,132.5889000,4.070000e-02,-4.070000e-02,0.6990,0.0090,-0.5260,4.68000,3.80000,-3.80000,1.1580e+02,1.410e+01,-1.410e+01,1.97,6.100e-01,-5.100e-01,970.0,,,209.42,193.27,-110.26,8.10,1,q1_q17_dr25_tce,6654.00,187.00,-258.00,4.113,0.204,-0.185,1.7120,0.5340,-0.4370,294.470920,46.592979,14.429
11918793,K08069.01,,FALSE POSITIVE,FALSE POSITIVE,0.0500,1,0,0,0,38.353120000,4.5800000e-02,-4.5800000e-02,167.6337000,6.740000e-02,-6.740000e-02,0.0170,0.4020,-0.0170,2.90000,2.80000,-2.80000,3.0900e+03,3.310e+02,-3.310e+02,5.57,1.720e+00,-6.200e-01,557.0,,,22.73,21.47,-7.38,8.60,1,q1_q17_dr25_tce,5979.00,190.00,-232.00,4.449,0.070,-0.210,1.0040,0.3110,-0.1110,294.219540,50.260738,15.457
11922290,K08070.01,,FALSE POSITIVE,FALSE POSITIVE,0.0420,1,0,0,0,114.661733000,2.1950000e-03,-2.1950000e-03,237.2307000,1.210000e-02,-1.210000e-02,0.8630,0.1240,-0.6570,2.78400,0.44800,-0.44800,2.8180e+02,5.050e+01,-5.050e+01,1.38,1.500e-01,-1.500e-01,316.0,,,2.37,0.94,-0.68,7.30,1,q1_q17_dr25_tce,5412.00,161.00,-161.00,4.562,0.090,-0.060,0.7120,0.0820,-0.0740,295.808010,50.227188,14.077
11966668,K08071.01,,FALSE POSITIVE,FALSE POSITIVE,0.0000,1,0,0,0,313.198750000,1.6960000e-02,-1.6960000e-02,340.9372000,2.870000e-02,-2.870000e-02,0.3600,0.0920,-0.3600,8.60300,0.69000,-0.69000,7.2100e+02,1.000e+02,-1.000e+02,1.95,2.800e-01,-1.600e-01,216.0,,,0.51,0.24,-0.12,9.60,1,q1_q17_dr25_tce,5254.00,158.00,-142.00,4.618,0.030,-0.090,0.7300,0.1030,-0.0600,293.531800,50.311291,15.693
11967872,K08072.01,,FALSE POSITIVE,FALSE POSITIVE,0.2520,1,0,0,0,134.370692000,8.6640000e-03,-8.6640000e-03,249.3136000,4.670000e-02,-4.670000e-02,0.1740,0.2800,-0.1740,8.73000,1.20000,-1.20000,4.3260e+02,6.320e+01,-6.320e+01,1.95,6.200e-01,-2.000e-01,351.0,,,3.58,3.43,-1.09,8.10,1,q1_q17_dr25_tce,5910.00,184.00,-205.00,4.505,0.039,-0.221,0.9400,0.2970,-0.0990,294.074830,50.397240,15.541
12004656,K08073.01,,FALSE POSITIVE,FALSE POSITIVE,0.0000,1,0,1,1,2.521230220,5.4910000e-05,-5.4910000e-05,132.8709000,2.120000e-02,-2.120000e-02,1.1580,20.2600,-0.0490,4.73900,0.92500,-0.92500,1.4590e+02,2.310e+01,-2.310e+01,9.68,1.580e+00,-2.360e+00,726.0,,,65.58,45.75,-36.84,8.90,1,q1_q17_dr25_tce,3932.00,229.00,-252.00,4.745,0.130,-0.070,0.5200,0.0850,-0.1270,286.409000,50.418110,15.521
12008916,K08074.01,,FALSE POSITIVE,FALSE POSITIVE,0.2040,1,0,0,0,47.431485700,6.6320000e-04,-6.6320000e-04,174.6547000,1.020000e-02,-1.020000e-02,0.0140,0.4430,-0.0140,4.51100,0.31000,-0.31000,1.7280e+02,1.900e+01,-1.900e+01,8.83,2.900e-01,-2.730e+00,1029.0,,,265.10,30.65,-160.35,10.30,1,q1_q17_dr25_tce,5166.00,59.00,-239.00,3.120,0.036,-0.027,6.8910,0.2240,-2.1290,289.096590,50.427181,11.765
12021943,K08075.01,,FALSE POSITIVE,FALSE POSITIVE,0.2030,1,0,0,0,6.096260200,2.5030000e-04,-2.5030000e-04,134.9875000,4.020000e-02,-4.020000e-02,0.7870,0.1670,-0.5470,10.40000,1.20000,-1.20000,3.0400e+01,3.900e+00,-3.900e+00,0.62,2.100e-01,-6.000e-02,1048.0,,,284.96,278.41,-86.32,10.00,1,q1_q17_dr25_tce,6108.00,172.00,-193.00,4.466,0.042,-0.224,1.0300,0.3400,-0.1130,296.149630,50.466610,13.723
8815031,K08171.01,,FALSE POSITIVE,FALSE POSITIVE,0.0000,1,0,0,0,472.603800000,2.8680000e-02,-2.8680000e-02,515.5770000,3.900000e-02,-3.900000e-02,0.4760,0.4900,-0.2750,12.15000,1.40000,-1.40000,6.7200e+02,1.010e+02,-1.010e+02,2.28,5.100e-01,-1.800e-01,218.0,,,0.54,0.35,-0.13,7.70,1,q1_q17_dr25_tce,5764.00,156.00,-156.00,4.548,0.040,-0.160,0.8630,0.1940,-0.0690,290.369320,45.009258,15.975
8821936,K08172.01,,FALSE POSITIVE,FALSE POSITIVE,0.0000,1,0,0,0,371.518520000,1.5790000e-02,-1.5790000e-02,317.6836000,3.390000e-02,-3.390000e-02,0.9620,0.0090,-0.7220,30.94000,1.10000,-1.10000,2.6300e+02,1.790e+01,-1.790e+01,2.28,7.600e-01,-3.100e-01,284.0,,,1.53,1.50,-0.53,17.00,1,q1_q17_dr25_tce,6227.00,169.00,-206.00,4.377,0.101,-0.203,1.0890,0.3640,-0.1450,293.064000,45.034210,13.731
8832676,K08173.01,,FALSE POSITIVE,FALSE POSITIVE,0.0150,1,0,0,0,323.665420000,2.2370000e-02,-2.2370000e-02,204.2147000,7.270000e-02,-7.270000e-02,0.0310,0.4080,-0.0310,20.37000,1.40000,-1.40000,1.1780e+03,1.490e+02,-1.490e+02,1.58,1.000e-01,-1.200e-01,133.0,,,0.07,0.02,-0.01,9.10,2,q1_q17_dr25_tce,3737.00,66.00,-66.00,4.779,0.039,-0.024,0.4660,0.0280,-0.0350,296.797150,45.027962,15.466
8873873,K08174.01,,CANDIDATE,CANDIDATE,0.6650,0,0,0,0,295.060660000,2.8290000e-02,-2.8290000e-02,314.2081000,5.790000e-02,-5.790000e-02,0.0520,0.4000,-0.0520,16.18000,1.40000,-1.40000,7.2200e+01,8.400e+00,-8.400e+00,0.64,7.000e-02,-7.000e-02,233.0,,,0.70,0.28,-0.21,10.40,1,q1_q17_dr25_tce,5332.00,160.00,-144.00,4.524,0.097,-0.060,0.7620,0.0870,-0.0870,286.949460,45.142139,11.922
9075882,K08175.01,,FALSE POSITIVE,FALSE POSITIVE,0.0000,1,0,0,0,367.016070000,2.0840000e-02,-2.0840000e-02,181.8404000,4.390000e-02,-4.390000e-02,0.6330,0.0250,-0.5080,15.48000,1.10000,-1.10000,7.3860e+02,7.720e+01,-7.720e+01,2.46,7.000e-01,-2.200e-01,245.0,,,0.85,0.70,-0.23,11.20,1,q1_q17_dr25_tce,5931.00,161.00,-178.00,4.545,0.036,-0.192,0.8630,0.2460,-0.0770,285.668580,45.454330,15.168
9084832,K08176.01,,FALSE POSITIVE,FALSE POSITIVE,0.0080,1,0,0,0,568.082510000,2.0070000e-02,-2.0070000e-02,254.6544900,9.920000e-03,-9.920000e-03,0.4000,0.0500,-0.4000,13.60800,0.54900,-0.54900,5.0830e+02,3.270e+01,-3.270e+01,2.14,6.000e-01,-3.500e-01,205.0,,,0.42,0.35,-0.16,18.10,2,q1_q17_dr25_tce,5359.00,160.00,-144.00,4.403,0.144,-0.234,0.9500,0.2680,-0.1570,290.303800,45.443291,12.933
9093859,K08177.01,,FALSE POSITIVE,FALSE POSITIVE,0.0000,1,0,1,1,3.044775200,1.1980000e-04,-1.1980000e-04,132.3975000,3.660000e-02,-3.660000e-02,0.3830,0.0730,-0.3830,7.35000,1.20000,-1.20000,7.4900e+01,1.120e+01,-1.120e+01,0.68,1.100e-01,-6.000e-02,1061.0,,,299.07,160.22,-76.75,8.60,1,q1_q17_dr25_tce,5390.00,159.00,-159.00,4.591,0.035,-0.112,0.7800,0.1320,-0.0660,293.667540,45.498451,15.964
9239670,K08282.01,,FALSE POSITIVE,FALSE POSITIVE,0.1160,1,0,0,0,456.553080000,1.2880000e-02,-1.2880000e-02,527.3529000,1.720000e-02,-1.720000e-02,0.6730,0.0380,-0.5000,4.43500,0.60900,-0.60900,1.1620e+02,2.010e+01,-2.010e+01,1.48,3.200e-01,-3.900e-01,270.0,,,1.26,0.78,-0.64,7.30,1,q1_q17_dr25_tce,5678.00,142.00,-128.00,4.161,0.260,-0.140,1.2980,0.2780,-0.3400,298.905180,45.610840,11.858
9388557,K08283.01,,FALSE POSITIVE,FALSE POSITIVE,0.1500,1,0,0,0,209.941369000,2.1510000e-03,-2.1510000e-03,268.5679000,7.790000e-03,-7.790000e-03,0.1570,0.3090,-0.1570,2.97000,0.29100,-0.29100,4.7730e+02,5.770e+01,-5.770e+01,14.36,2.720e+00,-5.060e+00,651.0,,,42.43,21.87,-26.34,10.20,1,q1_q17_dr25_tce,5125.00,88.00,-127.00,2.988,0.234,-0.156,6.6900,1.2700,-2.3580,283.774720,45.910831,13.066
9532997,K08284.01,,FALSE POSITIVE,FALSE POSITIVE,0.1340,1,0,0,0,49.763624000,1.8940000e-03,-1.8940000e-03,135.0312000,4.870000e-02,-4.870000e-02,0.0200,0.4820,-0.0200,2.74900,0.66100,-0.66100,4.1200e+02,1.330e+02,-1.330e+02,2.43,8.300e-01,-3.400e-01,588.0,,,28.31,28.76,-10.27,6.80,1,q1_q17_dr25_tce,6477.00,179.00,-246.00,4.361,0.072,-0.203,1.1870,0.4090,-0.1630,294.489260,46.140121,14.867
9536836,K08285.01,,FALSE POSITIVE,FALSE POSITIVE,0.1210,1,0,0,0,320.347208000,8.5030000e-03,-8.5030000e-03,406.2309000,1.480000e-02,-1.480000e-02,0.5480,0.4150,-0.3340,7.15900,0.55900,-0.55900,2.6280e+02,3.830e+01,-3.830e+01,1.58,4.600e-01,-1.500e-01,274.0,,,1.33,1.14,-0.38,8.80,1,q1_q17_dr25_tce,6146.00,164.00,-201.00,4.497,0.050,-0.200,0.9430,0.2730,-0.0910,295.902070,46.116138,13.996
9592621,K08286.01,,CANDIDATE,CANDIDATE,0.1860,0,0,0,0,191.037280000,1.3150000e-02,-1.3150000e-02,153.9107000,6.480000e-02,-6.480000e-02,0.0910,0.4560,-0.0910,3.59500,0.98900,-0.98900,1.6070e+03,5.020e+02,-5.020e+02,3.54,8.400e-01,-3.600e-01,286.0,,,1.58,1.18,-0.46,7.00,1,q1_q17_dr25_tce,5440.00,180.00,-180.00,4.497,0.055,-0.165,0.9010,0.2130,-0.0910,293.683900,46.265541,16.652
10010452,K08287.01,,FALSE POSITIVE,FALSE POSITIVE,0.2660,1,0,0,0,358.743180000,4.8490000e-02,-4.8490000e-02,150.5540000,6.430000e-02,-6.430000e-02,0.1510,0.3380,-0.1510,19.76000,2.60000,-2.60000,7.6050e+02,6.350e+01,-6.350e+01,2.25,5.100e-01,-1.700e-01,224.0,,,0.60,0.41,-0.14,15.90,1,q1_q17_dr25_tce,5482.00,164.00,-147.00,4.566,0.038,-0.152,0.8260,0.1880,-0.0630,291.285950,46.920551,14.806
10226420,K08288.01,,FALSE POSITIVE,FALSE POSITIVE,0.0000,0,1,1,1,0.660663034,4.0260000e-06,-4.0260000e-06,131.6841700,5.340000e-03,-5.340000e-03,0.0250,0.9710,-0.0250,2.81000,1.60000,-1.60000,1.3400e+02,1.550e+01,-1.550e+01,1.32,3.800e-01,-1.600e-01,2385.0,,,7605.89,6498.41,-2530.75,23.30,1,q1_q17_dr25_tce,6353.00,174.00,-217.00,4.397,0.065,-0.195,1.1340,0.3290,-0.1410,298.157320,47.291660,14.784
9777990,K07963.01,,FALSE POSITIVE,FALSE POSITIVE,0.0000,0,1,0,0,14.340035800,3.5000000e-04,-3.5000000e-04,140.9329000,1.770000e-02,-1.770000e-02,0.0060,0.5020,-0.0060,5.70000,0.77800,-0.77800,1.7060e+03,4.000e+02,-4.000e+02,0.68,3.300e-01,-1.400e-01,248.0,,,0.89,1.34,-0.37,8.00,1,q1_q17_dr25_tce,3358.00,119.00,-59.00,5.149,0.092,-0.138,0.1740,0.0830,-0.0360,294.795900,46.521626,18.013
9813678,K07964.01,,FALSE POSITIVE,FALSE POSITIVE,0.0000,0,1,0,0,0.505079006,1.5900000e-07,-1.5900000e-07,131.9307760,4.140000e-04,-4.140000e-04,1.1840,0.1080,-0.0840,1.36737,0.00359,-0.00359,2.8078e+04,5.250e+01,-5.250e+01,86.41,6.302e+01,-5.157e+01,2997.0,,,19181.12,47540.77,-16438.21,665.50,1,q1_q17_dr25_tce,5398.00,208.00,-170.00,3.822,0.805,-0.345,1.8430,1.3440,-1.1000,282.509000,46.634441,15.992
9826551,K07965.01,,FALSE POSITIVE,FALSE POSITIVE,0.0000,0,1,1,0,7.196809840,4.7710000e-05,-4.7710000e-05,136.6395500,5.550000e-03,-5.550000e-03,0.2700,0.1770,-0.2700,1.68300,0.18600,-0.18600,5.0500e+01,6.000e+00,-6.000e+00,1.20,3.700e-01,-3.600e-01,1275.0,,,625.53,554.15,-363.12,10.00,1,q1_q17_dr25_tce,6325.00,177.00,-243.00,4.112,0.225,-0.184,1.6760,0.5020,-0.5020,289.916380,46.677559,13.118
9838537,K07966.01,,FALSE POSITIVE,FALSE POSITIVE,0.0000,0,0,1,1,1.332577150,2.0130000e-05,-2.0130000e-05,132.0367000,1.360000e-02,-1.360000e-02,0.3260,0.1450,-0.3260,5.15800,0.36400,-0.36400,2.7100e+01,2.200e+00,-2.200e+00,0.44,1.200e-01,-4.000e-02,1553.0,,,1378.01,1111.25,-365.05,15.50,1,q1_q17_dr25_tce,5852.00,140.00,-158.00,4.559,0.036,-0.204,0.8370,0.2360,-0.0790,294.859340,46.635689,13.454
9838761,K07967.01,,FALSE POSITIVE,FALSE POSITIVE,0.0000,0,0,0,1,1.332544280,1.1930000e-05,-1.1930000e-05,132.0678800,8.410000e-03,-8.410000e-03,0.0210,0.4430,-0.0210,3.12200,0.21300,-0.21300,1.6220e+02,1.100e+01,-1.100e+01,0.93,1.300e-01,-1.000e-01,1427.0,,,981.02,472.26,-309.71,18.10,1,q1_q17_dr25_tce,5460.00,191.00,-191.00,4.543,0.099,-0.081,0.7340,0.1000,-0.0820,294.947750,46.671951,15.840
9839062,K07968.01,,FALSE POSITIVE,FALSE POSITIVE,0.0000,1,0,0,0,424.623345000,2.3030000e-03,-2.3030000e-03,218.2595500,4.740000e-03,-4.740000e-03,0.8190,0.0270,-0.0430,9.66600,0.27300,-0.27300,5.1321e+03,9.820e+01,-9.820e+01,8.13,2.680e+00,-8.800e-01,265.0,,,1.17,1.12,-0.38,60.20,1,q1_q17_dr25_tce,6339.00,176.00,-242.00,4.454,0.056,-0.224,1.0170,0.3340,-0.1110,295.065920,46.686432,15.513
9851983,K07969.01,,FALSE POSITIVE,FALSE POSITIVE,0.0780,1,0,0,0,1.456383399,5.1200000e-06,-5.1200000e-06,132.7166100,2.890000e-03,-2.890000e-03,1.1690,0.0900,-0.1080,11.83800,0.41700,-0.41700,2.1220e+02,3.200e+00,-3.200e+00,52.87,1.371e+01,-3.199e+01,2721.0,,,12950.97,10638.45,-11175.13,94.00,1,q1_q17_dr25_tce,6184.00,218.00,-196.00,3.665,0.740,-0.131,2.6460,0.6860,-1.6010,299.053100,46.620392,13.401
12156930,K08076.01,,CANDIDATE,CANDIDATE,0.7530,0,0,0,0,71.106840000,1.7400000e-03,-1.7400000e-03,176.7154000,1.780000e-02,-1.780000e-02,0.4660,0.3400,-0.3180,6.93300,0.46200,-0.46200,1.2840e+02,1.390e+01,-1.390e+01,1.42,4.500e-01,-2.400e-01,523.0,,,17.68,16.44,-7.09,10.50,1,q1_q17_dr25_tce,6339.00,177.00,-221.00,4.315,0.108,-0.201,1.2240,0.3850,-0.2070,290.039430,50.768501,13.740
12266099,K08077.01,,CANDIDATE,CANDIDATE,0.3400,0,0,0,0,77.177672000,1.1100000e-03,-1.1100000e-03,146.9243000,1.130000e-02,-1.130000e-02,0.0260,0.4390,-0.0260,2.31200,0.27700,-0.27700,3.1860e+02,5.010e+01,-5.010e+01,1.29,9.000e-02,-1.200e-01,327.0,,,2.70,0.79,-0.72,8.00,1,q1_q17_dr25_tce,4840.00,145.00,-130.00,4.551,0.066,-0.039,0.7490,0.0530,-0.0720,295.570010,50.904900,14.427
12307496,K08078.01,,CANDIDATE,CANDIDATE,1.0000,0,0,0,0,0.805941833,8.1900000e-07,-8.1900000e-07,132.1278740,8.520000e-04,-8.520000e-04,1.3390,9.3780,-0.0630,1.44320,0.04590,-0.04590,3.1804e+03,7.510e+01,-7.510e+01,29.85,3.110e+00,-2.840e+00,1498.0,,,1189.65,440.69,-326.34,55.40,1,q1_q17_dr25_tce,5022.00,149.00,-149.00,4.597,0.072,-0.048,0.6720,0.0700,-0.0640,291.554470,51.043201,14.169
12419303,K08079.01,,FALSE POSITIVE,FALSE POSITIVE,0.0000,0,0,1,0,0.608074963,1.6920000e-06,-1.6920000e-06,131.6668900,2.470000e-03,-2.470000e-03,0.1100,0.4060,-0.1100,0.87900,0.20100,-0.20100,1.1750e+02,1.600e+01,-1.600e+01,1.15,3.800e-01,-1.300e-01,2362.0,,,7350.47,7249.30,-2308.07,10.80,1,q1_q17_dr25_tce,6309.00,175.00,-219.00,4.441,0.054,-0.216,1.0440,0.3490,-0.1160,296.636600,51.221340,15.326
12453855,K08080.01,,FALSE POSITIVE,FALSE POSITIVE,0.0000,0,1,0,0,0.559643825,1.3100000e-07,-1.3100000e-07,131.5171340,1.930000e-04,-1.930000e-04,1.2640,3.5710,-0.1540,0.67700,0.01860,-0.01860,1.8126e+03,1.630e+01,-1.630e+01,27.21,3.340e+00,-3.340e+00,1860.0,,,2854.44,1197.71,-910.91,130.70,1,q1_q17_dr25_tce,5240.00,158.00,-158.00,4.521,0.099,-0.081,0.7740,0.0950,-0.0950,287.710390,51.317638,15.360
12459808,K08081.01,,FALSE POSITIVE,FALSE POSITIVE,0.0000,0,0,0,1,0.502446098,4.8620000e-06,-4.8620000e-06,131.9359000,1.080000e-02,-1.080000e-02,0.6360,0.0260,-0.4940,1.80300,0.26400,-0.26400,1.1400e+01,1.800e+00,-1.800e+00,0.43,1.300e-01,-8.000e-02,2705.0,,,12572.01,11959.11,-5223.13,10.10,1,q1_q17_dr25_tce,6306.00,177.00,-243.00,4.311,0.128,-0.192,1.1970,0.3850,-0.2070,291.097530,51.310925,12.540
12602999,K08082.01,,CANDIDATE,CANDIDATE,0.9730,0,0,0,0,8.276602800,3.3070000e-04,-3.3070000e-04,131.7601000,1.170000e-02,-1.170000e-02,0.6380,0.0070,-0.4860,4.83400,0.83800,-0.83800,7.3100e+01,7.200e+00,-7.200e+00,2.48,4.400e-01,-8.700e-01,1623.0,,,1639.28,881.67,-1030.63,10.00,1,q1_q17_dr25_tce,6787.00,182.00,-202.00,3.762,0.285,-0.095,2.7530,0.4850,-0.9710,290.874110,51.685181,12.430
9114508,K08178.01,,FALSE POSITIVE,FALSE POSITIVE,0.0010,1,0,0,0,256.456160000,2.4750000e-02,-2.4750000e-02,141.7586000,8.440000e-02,-8.440000e-02,0.7790,0.2050,-0.5100,35.35000,3.00000,-3.00000,1.7283e+04,1.480e+03,-1.480e+03,9.44,3.800e-01,-8.900e-01,175.0,,,0.22,0.05,-0.07,14.40,4,q1_q17_dr25_tce,4070.00,142.00,-156.00,4.628,0.056,-0.016,0.6460,0.0260,-0.0610,299.535130,45.441860,15.745
9216810,K08179.01,,FALSE POSITIVE,FALSE POSITIVE,0.2070,1,0,0,0,138.629024980,,,235.3730333,,,,,,4.93000,,,,,,,,,,,,,,,,2,q1_q17_dr25_tce,,,,,,,,,,291.261020,45.637470,10.555
9268159,K08180.01,,CANDIDATE,CANDIDATE,0.2950,0,0,0,0,185.975340000,2.2580000e-02,-2.2580000e-02,299.6938000,6.560000e-02,-6.560000e-02,0.4000,0.0460,-0.4000,8.74400,0.92600,-0.92600,5.4500e+01,4.170e+01,-4.170e+01,2.76,2.600e-01,-1.380e+00,688.0,,,53.05,17.71,-42.02,2.60,3,q1_q17_dr25_tce,7365.00,203.00,-330.00,3.628,0.504,-0.056,3.6380,0.3410,-1.8200,285.327910,45.753738,10.554
9340460,K08181.01,,FALSE POSITIVE,FALSE POSITIVE,0.0090,1,0,0,0,388.519605000,7.9340000e-03,-7.9340000e-03,352.2898000,1.880000e-02,-1.880000e-02,0.4780,0.4880,-0.2720,10.61300,0.51000,-0.51000,1.5120e+02,1.180e+01,-1.180e+01,2.30,6.000e-01,-9.100e-01,350.0,,,3.56,2.86,-2.44,15.10,1,q1_q17_dr25_tce,6164.00,195.00,-238.00,3.985,0.364,-0.130,1.8250,0.4790,-0.7190,291.072080,45.879307,11.543
9409493,K08182.01,,FALSE POSITIVE,FALSE POSITIVE,0.0190,1,0,0,0,60.049737000,5.0220000e-03,-5.0220000e-03,158.5226000,7.800000e-02,-7.800000e-02,1.2170,6.8590,-0.0090,20.17000,1.50000,-1.50000,1.6650e+04,1.156e+03,-1.156e+03,28.92,2.100e+00,-2.610e+00,320.0,,,2.47,0.79,-0.70,17.50,1,q1_q17_dr25_tce,4538.00,159.00,-159.00,4.607,0.054,-0.027,0.6630,0.0480,-0.0600,294.007230,45.953941,16.675
9468848,K08183.01,,CANDIDATE,CANDIDATE,0.5020,0,0,0,0,5.887703800,7.3470000e-05,-7.3470000e-05,135.0373800,9.710000e-03,-9.710000e-03,0.1850,0.2660,-0.1850,4.00900,0.33000,-0.33000,3.9700e+01,4.900e+00,-4.900e+00,0.60,1.900e-01,-6.000e-02,1026.0,,,262.67,251.91,-75.21,9.30,1,q1_q17_dr25_tce,6065.00,163.00,-181.00,4.495,0.052,-0.221,0.9470,0.3100,-0.0970,293.434940,46.039440,13.811
9649205,K08184.01,,FALSE POSITIVE,FALSE POSITIVE,0.0120,1,0,0,0,237.266010000,2.4400000e-02,-2.4400000e-02,315.9446000,4.600000e-02,-4.600000e-02,0.0340,0.4100,-0.0340,8.74000,1.90000,-1.90000,1.5040e+02,2.170e+01,-2.170e+01,1.23,2.500e-01,-1.700e-01,299.0,,,1.89,1.20,-0.66,8.60,1,q1_q17_dr25_tce,5786.00,173.00,-190.00,4.402,0.100,-0.138,1.0070,0.2070,-0.1380,291.848420,46.339661,11.594
10341781,K08289.01,,FALSE POSITIVE,FALSE POSITIVE,0.0000,0,0,1,1,0.933712110,1.8620000e-05,-1.8620000e-05,131.5372000,1.980000e-02,-1.980000e-02,0.1190,0.3420,-0.1190,4.76000,0.49800,-0.49800,1.2620e+02,1.160e+01,-1.160e+01,0.75,5.000e-02,-7.000e-02,1318.0,,,715.48,218.17,-202.43,14.30,1,q1_q17_dr25_tce,4604.00,165.00,-165.00,4.591,0.054,-0.027,0.6960,0.0450,-0.0620,292.718870,47.470940,15.393
10459805,K08290.01,,FALSE POSITIVE,FALSE POSITIVE,0.1150,1,0,0,0,461.137810000,3.4630000e-02,-3.4630000e-02,187.0978000,6.230000e-02,-6.230000e-02,0.0030,0.4710,-0.0030,12.91000,2.50000,-2.50000,4.0820e+02,7.320e+01,-7.320e+01,1.26,1.400e-01,-9.000e-02,173.0,,,0.21,0.08,-0.05,7.40,1,q1_q17_dr25_tce,4988.00,149.00,-134.00,4.663,0.032,-0.063,0.6360,0.0700,-0.0450,287.145480,47.686989,15.690
10471090,K08291.01,,FALSE POSITIVE,FALSE POSITIVE,0.0000,0,0,1,1,0.933760890,3.1240000e-05,-3.1240000e-05,132.4263000,3.440000e-02,-3.440000e-02,0.0350,0.4420,-0.0350,3.02700,0.61100,-0.61100,2.7300e+01,3.400e+00,-3.400e+00,0.57,1.800e-01,-7.000e-02,2064.0,,,4286.78,4106.81,-1308.99,9.70,1,q1_q17_dr25_tce,6292.00,168.00,-205.00,4.426,0.054,-0.216,1.0780,0.3530,-0.1180,292.158290,47.672710,14.388
10532751,K08292.01,,FALSE POSITIVE,FALSE POSITIVE,0.1310,1,0,0,0,367.761848000,6.7470000e-03,-6.7470000e-03,194.7697000,1.070000e-02,-1.070000e-02,0.0250,0.4410,-0.0250,4.89100,0.39200,-0.39200,4.2800e+02,4.960e+01,-4.960e+01,20.06,5.200e-01,-4.170e+00,623.0,,,35.55,3.67,-17.79,9.80,1,q1_q17_dr25_tce,5348.00,63.00,-295.00,2.897,0.045,-0.014,9.8880,0.2570,-2.0580,290.871550,47.753368,10.736
10585887,K08293.01,,FALSE POSITIVE,FALSE POSITIVE,0.1900,1,0,0,0,378.654840000,2.2760000e-02,-2.2760000e-02,288.2584000,3.410000e-02,-3.410000e-02,0.2430,0.2190,-0.2430,11.30000,2.60000,-2.60000,2.4780e+02,7.790e+01,-7.790e+01,1.53,4.900e-01,-1.900e-01,258.0,,,1.04,0.97,-0.35,6.80,1,q1_q17_dr25_tce,6000.00,167.00,-209.00,4.463,0.070,-0.210,0.9700,0.3060,-0.1230,285.243380,47.812592,14.872
11867733,K08294.01,,FALSE POSITIVE,FALSE POSITIVE,0.0000,0,1,0,0,384.356448000,3.6840000e-03,-3.6840000e-03,298.9035400,7.740000e-03,-7.740000e-03,0.8480,0.1170,-0.6440,3.87200,0.27400,-0.27400,7.1570e+02,6.380e+01,-6.380e+01,3.03,8.900e-01,-3.800e-01,255.0,,,1.00,0.86,-0.33,13.20,1,q1_q17_dr25_tce,5903.00,158.00,-193.00,4.445,0.067,-0.202,0.9940,0.2910,-0.1250,293.773620,50.124470,14.391
11923074,K08295.01,,FALSE POSITIVE,FALSE POSITIVE,0.0000,0,0,0,1,1.756470840,1.4860000e-05,-1.4860000e-05,132.0275700,8.020000e-03,-8.020000e-03,0.0230,0.4420,-0.0230,2.53800,0.26500,-0.26500,6.9500e+01,7.600e+00,-7.600e+00,0.69,1.900e-01,-6.000e-02,1405.0,,,924.14,740.64,-231.04,10.90,1,q1_q17_dr25_tce,5813.00,157.00,-157.00,4.561,0.033,-0.176,0.8330,0.2270,-0.0710,296.140720,50.279949,14.723
9873004,K07970.01,,CANDIDATE,CANDIDATE,0.9590,0,0,0,0,1.985146350,1.1900000e-05,-1.1900000e-05,132.0268200,4.790000e-03,-4.790000e-03,0.1260,0.3260,-0.1260,1.62500,0.15400,-0.15400,2.3340e+02,2.520e+01,-2.520e+01,1.28,2.800e-01,-1.100e-01,1299.0,,,675.28,446.07,-178.35,11.00,1,q1_q17_dr25_tce,5581.00,149.00,-166.00,4.559,0.036,-0.153,0.8450,0.1880,-0.0750,282.030580,46.750809,15.988
9899216,K07971.01,,FALSE POSITIVE,FALSE POSITIVE,0.0000,0,0,0,1,1.332590030,3.5930000e-05,-3.5930000e-05,132.0133000,2.770000e-02,-2.770000e-02,0.4540,0.0540,-0.4210,3.96200,0.96800,-0.96800,1.1900e+01,2.300e+00,-2.300e+00,0.69,1.800e-01,-1.100e-01,2909.0,,,16962.04,13420.56,-6854.57,7.40,1,q1_q17_dr25_tce,8133.00,227.00,-357.00,4.146,0.081,-0.175,1.9350,0.5160,-0.3010,295.161650,46.750637,10.886
9899256,K07972.01,,FALSE POSITIVE,FALSE POSITIVE,0.0000,0,0,1,1,1.332540240,1.7760000e-05,-1.7760000e-05,132.0784000,1.240000e-02,-1.240000e-02,0.8150,0.1670,-0.5760,3.16000,0.26100,-0.26100,3.5800e+01,3.600e+00,-3.600e+00,0.59,1.700e-01,-6.000e-02,1658.0,,,1777.13,1525.24,-494.89,12.10,1,q1_q17_dr25_tce,6071.00,165.00,-183.00,4.511,0.052,-0.208,0.8870,0.2590,-0.0860,295.176730,46.721409,14.282
9899345,K07973.01,,CANDIDATE,CANDIDATE,0.0000,0,0,0,0,1.331992850,,,132.6475215,,,,,,4.33000,,,,,,,,,,,,,,,,1,q1_q17_dr25_tce,,,,,,,,,,295.207980,46.786221,15.024
9899621,K07974.01,,FALSE POSITIVE,FALSE POSITIVE,0.0000,0,0,1,1,1.332554920,2.0950000e-05,-2.0950000e-05,132.0480000,1.360000e-02,-1.360000e-02,0.4620,0.0070,-0.4620,3.63000,0.39000,-0.39000,6.6600e+01,7.900e+00,-7.900e+00,0.92,2.800e-01,-1.100e-01,1850.0,,,2765.99,2574.79,-898.42,10.10,1,q1_q17_dr25_tce,6310.00,174.00,-239.00,4.417,0.067,-0.202,1.0950,0.3460,-0.1230,295.299870,46.739471,15.270
9899623,K07975.01,,FALSE POSITIVE,FALSE POSITIVE,0.0000,0,1,1,1,1.332590950,2.9090000e-05,-2.9090000e-05,132.0329000,2.080000e-02,-2.080000e-02,0.7110,0.2690,-0.4750,4.94700,0.36400,-0.36400,1.0550e+02,9.600e+00,-9.600e+00,1.14,3.600e-01,-1.400e-01,1776.0,,,2349.35,2224.64,-832.34,13.60,1,q1_q17_dr25_tce,6184.00,193.00,-257.00,4.448,0.052,-0.208,1.0380,0.3240,-0.1300,295.300230,46.797009,15.980
9906688,K07976.01,,CANDIDATE,CANDIDATE,0.9750,0,0,0,0,5.825617010,8.7150000e-05,-8.7150000e-05,136.0369000,1.170000e-02,-1.170000e-02,0.6350,0.2200,-0.4340,3.24600,0.33500,-0.33500,1.4280e+02,1.880e+01,-1.880e+01,1.21,3.600e-01,-1.500e-01,1037.0,,,273.08,242.16,-90.75,9.20,1,q1_q17_dr25_tce,5999.00,180.00,-198.00,4.459,0.067,-0.202,0.9670,0.2850,-0.1220,297.580230,46.719952,15.449
12644020,K08083.01,,FALSE POSITIVE,FALSE POSITIVE,0.1520,1,0,0,0,234.524445000,5.8840000e-03,-5.8840000e-03,346.4227000,2.090000e-02,-2.090000e-02,0.7410,0.0570,-0.5200,3.90000,1.00000,-1.00000,8.7600e+02,2.190e+02,-2.190e+02,2.33,2.800e-01,-1.600e-01,226.0,,,0.62,0.25,-0.14,6.80,1,q1_q17_dr25_tce,4987.00,151.00,-136.00,4.613,0.030,-0.070,0.7270,0.0860,-0.0500,288.612700,51.770439,15.800
2010152,K08084.01,,FALSE POSITIVE,FALSE POSITIVE,0.0580,1,0,0,0,317.745270000,1.7090000e-02,-1.7090000e-02,205.9582000,3.380000e-02,-3.380000e-02,0.7870,0.1600,-0.5360,17.54000,1.40000,-1.40000,2.0660e+02,1.410e+01,-1.410e+01,2.10,6.900e-01,-8.300e-01,336.0,,,3.03,2.95,-2.04,13.60,1,q1_q17_dr25_tce,6050.00,181.00,-163.00,4.080,0.455,-0.195,1.3330,0.4330,-0.5290,290.378810,37.481419,13.385
2284957,K08085.01,,CANDIDATE,CANDIDATE,0.4160,0,0,0,0,419.261500000,2.9310000e-02,-2.9310000e-02,187.5475000,5.810000e-02,-5.810000e-02,0.5000,0.4470,-0.2960,21.53000,2.60000,-2.60000,2.8780e+02,4.180e+01,-4.180e+01,1.70,4.600e-01,-3.100e-01,256.0,,,1.02,0.82,-0.41,10.10,1,q1_q17_dr25_tce,5979.00,161.00,-179.00,4.379,0.170,-0.187,0.9750,0.2660,-0.1770,286.619170,37.626240,14.547
2712825,K08086.01,,FALSE POSITIVE,FALSE POSITIVE,0.3160,1,0,0,0,18.384953000,8.8060000e-03,-8.8060000e-03,133.3900000,5.690000e-01,-5.690000e-01,0.0120,0.4600,-0.0120,5.92000,2.00000,-2.00000,9.2900e+01,1.840e+01,-1.840e+01,1.36,2.300e-01,-2.400e-01,872.0,,,136.82,60.06,-47.29,6.00,1,q1_q17_dr25_tce,6335.00,76.00,-76.00,4.214,0.137,-0.125,1.4010,0.2400,-0.2400,291.388120,37.990219,11.871
3443582,K08087.01,,FALSE POSITIVE,FALSE POSITIVE,0.0000,0,1,0,0,1.085965104,5.9400000e-07,-5.9400000e-07,132.0066110,4.150000e-04,-4.150000e-04,0.9160,0.0030,-0.0020,10.71600,0.26700,-0.26700,1.0579e+04,5.340e+01,-5.340e+01,29.66,0.000e+00,0.000e+00,6297.0,,,371873.86,0.00,0.00,675.90,1,q1_q17_dr25_tce,15896.00,0.00,0.00,4.152,0.000,0.000,2.4040,0.0000,0.0000,291.422490,38.535229,15.799
3533483,K08088.01,,FALSE POSITIVE,FALSE POSITIVE,0.0000,1,0,0,0,308.185801000,4.7090000e-03,-4.7090000e-03,306.2132000,1.560000e-02,-1.560000e-02,0.0230,0.4280,-0.0230,3.68900,0.29400,-0.29400,7.0870e+02,8.630e+01,-8.630e+01,2.12,4.400e-01,-1.800e-01,230.0,,,0.66,0.44,-0.18,9.50,1,q1_q17_dr25_tce,5380.00,187.00,-187.00,4.581,0.025,-0.144,0.8130,0.1690,-0.0680,288.109040,38.652012,14.664
3663850,K08089.01,,CANDIDATE,CANDIDATE,0.3560,0,0,0,0,141.400279000,1.5430000e-03,-1.5430000e-03,208.2201400,7.660000e-03,-7.660000e-03,0.4010,0.0620,-0.4010,3.03100,0.23600,-0.23600,7.9010e+02,6.870e+01,-6.870e+01,41.55,1.240e+00,-3.300e+00,945.0,,,188.78,26.10,-38.22,12.90,1,q1_q17_dr25_tce,4936.00,88.00,-74.00,2.609,0.033,-0.027,14.9070,0.4450,-1.1860,295.802030,38.797932,12.783
9771576,K08185.01,,FALSE POSITIVE,FALSE POSITIVE,0.0010,1,0,0,0,398.716940000,2.6090000e-02,-2.6090000e-02,481.1929000,3.670000e-02,-3.670000e-02,1.2190,6.7400,-0.2050,21.60000,2.60000,-2.60000,8.9390e+02,8.690e+01,-8.690e+01,21.25,3.360e+00,-1.820e+00,205.0,,,0.42,0.21,-0.11,13.70,1,q1_q17_dr25_tce,5303.00,159.00,-143.00,4.594,0.035,-0.105,0.7710,0.1220,-0.0660,292.262600,46.571239,14.966
9827094,K08186.01,,FALSE POSITIVE,FALSE POSITIVE,0.0000,1,0,1,0,241.859100000,1.2050000e-01,-1.2050000e-01,248.7902000,9.260000e-02,-9.260000e-02,0.3130,0.1650,-0.3130,12.77000,1.30000,-1.30000,6.5900e+02,1.500e+02,-1.500e+02,2.81,8.200e-01,-6.700e-01,315.0,,,2.34,2.00,-1.13,9.70,7,q1_q17_dr25_tce,5790.00,155.00,-155.00,4.283,0.242,-0.198,1.0880,0.3180,-0.2600,290.155760,46.631199,13.243
9837720,K08187.01,,FALSE POSITIVE,FALSE POSITIVE,0.0000,1,0,0,0,353.040370000,1.3210000e-02,-1.3210000e-02,258.7443000,2.990000e-02,-2.990000e-02,0.4310,0.0490,-0.4170,14.10200,0.91100,-0.91100,2.3960e+02,2.470e+01,-2.470e+01,1.04,1.200e-01,-9.000e-02,196.0,,,0.35,0.15,-0.10,11.20,2,q1_q17_dr25_tce,5061.00,176.00,-176.00,4.635,0.040,-0.060,0.6680,0.0810,-0.0540,294.542760,46.669083,13.859
9873604,K08188.01,,FALSE POSITIVE,FALSE POSITIVE,0.0000,1,0,0,0,522.338880000,2.7520000e-02,-2.7520000e-02,344.6934000,3.890000e-02,-3.890000e-02,0.0390,0.4320,-0.0390,13.53000,1.30000,-1.30000,4.2370e+02,4.110e+01,-4.110e+01,5.65,2.180e+00,-4.060e+00,327.0,,,2.69,3.07,-2.50,12.00,1,q1_q17_dr25_tce,5103.00,139.00,-123.00,3.606,0.900,-0.300,2.8160,1.0900,-2.0250,282.477630,46.754169,13.902
9874581,K08189.01,,FALSE POSITIVE,FALSE POSITIVE,0.0000,1,0,0,0,473.563140000,1.8330000e-02,-1.8330000e-02,222.9281000,2.440000e-02,-2.440000e-02,0.1580,0.2950,-0.1580,5.08700,0.54100,-0.54100,3.2740e+02,4.510e+01,-4.510e+01,5.39,7.900e-01,-1.860e+00,449.0,,,9.65,4.48,-6.07,8.70,1,q1_q17_dr25_tce,7056.00,190.00,-254.00,3.722,0.296,-0.074,2.9370,0.4340,-1.0120,283.136170,46.788219,13.065
9899449,K08190.01,,FALSE POSITIVE,FALSE POSITIVE,0.0000,0,1,1,1,1.332565736,8.1900000e-07,-8.1900000e-07,132.0498150,5.180000e-04,-5.180000e-04,1.2680,0.1310,-0.0730,6.08280,0.02960,-0.02960,2.3198e+03,9.400e+00,-9.400e+00,33.69,1.056e+01,-3.510e+00,1674.0,,,1849.94,1781.35,-568.90,301.70,1,q1_q17_dr25_tce,6014.00,198.00,-217.00,4.494,0.054,-0.216,0.9580,0.3000,-0.1000,295.243260,46.794891,15.625
9962731,K08191.01,,FALSE POSITIVE,FALSE POSITIVE,0.0000,1,0,1,0,385.397430000,2.8080000e-02,-2.8080000e-02,340.6913000,7.430000e-02,-7.430000e-02,0.5870,0.3740,-0.4000,21.69000,2.20000,-2.20000,1.3230e+02,1.590e+01,-1.590e+01,1.59,2.500e-01,-3.100e-01,285.0,,,1.57,0.65,-0.61,10.90,1,q1_q17_dr25_tce,5676.00,76.00,-76.00,4.175,0.188,-0.101,1.3360,0.2130,-0.2600,296.374970,46.806492,13.114
12117215,K08296.01,,FALSE POSITIVE,FALSE POSITIVE,0.1160,1,0,0,0,272.542880870,,,349.7527344,,,0.2870,,,3.02460,,,8.0720e+02,,,2.35,6.100e-01,-2.000e-01,255.0,,,1.00,0.76,-0.25,5.70,1,q1_q17_dr25_tce,5677.00,152.00,-152.00,4.563,0.044,-0.176,0.8280,0.2160,-0.0720,294.927950,50.662369,15.111
12168280,K08297.01,,CANDIDATE,CANDIDATE,0.1410,0,0,0,0,229.957537000,6.7280000e-03,-6.7280000e-03,326.0184000,1.510000e-02,-1.510000e-02,1.1750,74.3100,-4.2030,7.59000,1.00000,-1.00000,4.0000e+02,4.920e+01,-4.920e+01,43.78,7.770e+00,-1.066e+01,444.0,,,9.22,4.18,-4.21,10.20,1,q1_q17_dr25_tce,6419.00,77.00,-83.00,3.978,0.195,-0.120,2.0570,0.3650,-0.5010,295.977940,50.771481,10.505
9912977,K07977.01,,FALSE POSITIVE,FALSE POSITIVE,0.0000,0,1,0,0,0.943937200,2.8000000e-08,-2.8000000e-08,131.8207372,2.280000e-05,-2.280000e-05,0.6810,0.0030,-0.0040,7.27446,0.00258,-0.00258,2.7944e+05,5.850e+01,-5.850e+01,88.91,2.482e+01,-3.035e+01,2273.0,,,6347.81,5465.82,-3937.46,6351.70,1,q1_q17_dr25_tce,5959.00,195.00,-195.00,4.126,0.338,-0.182,1.3650,0.3810,-0.4660,299.426850,46.700150,13.726
9938836,K07978.01,,CANDIDATE,CANDIDATE,0.8430,0,0,0,0,7.268181700,1.6350000e-04,-1.6350000e-04,135.9348000,2.350000e-02,-2.350000e-02,0.7800,0.2000,-0.5550,4.98500,0.50300,-0.50300,4.6700e+01,5.400e+00,-5.400e+00,1.66,4.000e-01,-7.400e-01,1444.0,,,1027.95,765.47,-761.00,9.70,1,q1_q17_dr25_tce,6297.00,198.00,-242.00,3.890,0.405,-0.135,2.2190,0.5360,-0.9960,285.307680,46.829803,13.729
9941425,K07979.01,,FALSE POSITIVE,FALSE POSITIVE,0.0000,0,0,1,0,1.075158342,8.6190000e-06,-8.6190000e-06,131.7092000,6.550000e-03,-6.550000e-03,0.1570,0.3030,-0.1570,1.29500,0.42900,-0.42900,3.0200e+01,5.800e+00,-5.800e+00,20.09,2.650e+00,-4.160e+00,6988.0,,,565413.02,225128.97,-245918.84,8.00,1,q1_q17_dr25_tce,4067.00,90.00,-107.00,1.541,0.030,-0.030,38.4460,5.0670,-7.9630,286.837890,46.830837,12.032
9959368,K07980.01,,FALSE POSITIVE,FALSE POSITIVE,0.0000,0,0,1,1,1.332558010,2.3840000e-05,-2.3840000e-05,132.0631000,1.430000e-02,-1.430000e-02,0.3970,0.0750,-0.3970,4.74000,0.54600,-0.54600,4.8700e+01,9.400e+00,-9.400e+00,0.62,1.000e-01,-8.000e-02,1443.0,,,1025.10,573.49,-334.27,8.70,1,q1_q17_dr25_tce,5161.00,170.00,-154.00,4.452,0.117,-0.156,0.8920,0.1520,-0.1140,295.153320,46.828011,15.305
9959765,K07981.01,,FALSE POSITIVE,FALSE POSITIVE,0.0000,0,0,1,1,1.332504510,2.8320000e-05,-2.8320000e-05,132.1018000,2.170000e-02,-2.170000e-02,0.2950,0.1840,-0.2950,4.14300,0.49900,-0.49900,2.7400e+01,3.200e+00,-3.200e+00,0.62,1.800e-01,-8.000e-02,1993.0,,,3726.12,3251.57,-1252.18,11.60,1,q1_q17_dr25_tce,6600.00,165.00,-214.00,4.364,0.084,-0.196,1.1570,0.3500,-0.1500,295.303530,46.805740,13.793
10011213,K07982.01,,CANDIDATE,CANDIDATE,0.1890,0,0,0,0,376.379890000,4.6800000e-02,-4.6800000e-02,486.6022000,7.110000e-02,-7.110000e-02,0.3050,0.2080,-0.3050,13.99000,2.20000,-2.20000,1.1400e+03,1.060e+02,-1.060e+02,3.26,1.000e+00,-3.300e-01,265.0,,,1.16,1.07,-0.35,13.30,1,q1_q17_dr25_tce,6231.00,188.00,-225.00,4.488,0.054,-0.216,0.9550,0.2910,-0.0970,291.604550,46.973289,15.632
10014875,K07983.01,,FALSE POSITIVE,FALSE POSITIVE,0.0300,1,0,0,0,453.648750000,6.7250000e-02,-6.7250000e-02,296.6153000,8.590000e-02,-8.590000e-02,0.5190,0.4480,-0.3050,18.34000,3.20000,-3.20000,5.2340e+02,5.460e+01,-5.460e+01,2.18,6.500e-01,-2.200e-01,239.0,,,0.77,0.69,-0.22,9.00,1,q1_q17_dr25_tce,6060.00,181.00,-199.00,4.509,0.050,-0.200,0.9250,0.2770,-0.0920,293.193420,46.916550,15.677
3954211,K08090.01,,FALSE POSITIVE,FALSE POSITIVE,0.0000,0,0,1,1,0.594274521,4.2100000e-07,-4.2100000e-07,131.8395080,5.980000e-04,-5.980000e-04,0.8330,0.0600,-0.5180,2.16200,0.14000,-0.14000,4.6915e+03,6.900e+01,-6.900e+01,8.70,2.590e+00,-8.600e-01,2436.0,,,8367.99,7342.71,-2552.62,83.90,1,q1_q17_dr25_tce,6321.00,174.00,-239.00,4.417,0.060,-0.192,1.1250,0.3350,-0.1120,291.490510,39.048660,15.676
4056579,K08091.01,,FALSE POSITIVE,FALSE POSITIVE,0.1980,1,0,0,0,239.179477000,3.2260000e-03,-3.2260000e-03,188.4709200,8.640000e-03,-8.640000e-03,0.1650,0.2900,-0.1640,2.93000,0.39900,-0.39900,7.5090e+02,7.290e+01,-7.290e+01,18.27,8.600e-01,-4.870e+00,583.0,,,27.38,4.44,-14.45,12.10,1,q1_q17_dr25_tce,4915.00,72.00,-157.00,3.063,0.030,-0.030,6.8770,0.3240,-1.8340,291.406190,39.184292,13.265
4276445,K08092.01,,FALSE POSITIVE,FALSE POSITIVE,0.0500,1,0,0,0,405.653770000,2.4180000e-02,-2.4180000e-02,266.3288000,5.160000e-02,-5.160000e-02,0.1020,0.3770,-0.1020,11.02000,3.20000,-3.20000,5.2100e+02,1.740e+02,-1.740e+02,2.03,5.600e-01,-1.900e-01,246.0,,,0.87,0.71,-0.25,7.70,1,q1_q17_dr25_tce,6102.00,183.00,-201.00,4.528,0.050,-0.200,0.8870,0.2420,-0.0860,294.931730,39.361820,15.240
4371172,K08093.01,,FALSE POSITIVE,FALSE POSITIVE,0.0000,0,1,1,0,73.992267000,1.9370000e-03,-1.9370000e-03,143.4283000,2.020000e-02,-2.020000e-02,0.4460,0.5390,-0.2470,5.69200,0.79500,-0.79500,2.2560e+02,4.450e+01,-4.450e+01,2.86,1.380e+00,-1.680e+00,546.0,,,20.98,33.30,-17.85,7.90,1,q1_q17_dr25_tce,5271.00,222.00,-167.00,3.878,0.665,-0.285,1.8950,0.9120,-1.1140,293.221860,39.430443,13.791
4557341,K08094.01,,FALSE POSITIVE,FALSE POSITIVE,0.0050,1,0,1,0,361.901618000,8.8980000e-03,-8.8980000e-03,405.3021000,2.000000e-02,-2.000000e-02,0.0930,0.3580,-0.0930,4.98400,0.82800,-0.82800,1.8410e+02,2.650e+01,-2.650e+01,0.95,1.100e-01,-8.000e-02,198.0,,,0.37,0.14,-0.09,8.50,1,q1_q17_dr25_tce,5053.00,136.00,-136.00,4.603,0.040,-0.060,0.7170,0.0860,-0.0580,290.378910,39.694000,12.673
4645492,K08095.01,,FALSE POSITIVE,FALSE POSITIVE,0.3000,1,0,0,0,508.041030000,1.0020000e-02,-1.0020000e-02,361.7222000,1.190000e-02,-1.190000e-02,0.4760,0.4890,-0.2720,5.39800,0.51900,-0.51900,3.7170e+02,4.540e+01,-4.540e+01,1.89,1.800e-01,-7.000e-02,217.0,,,0.53,0.14,-0.07,9.90,1,q1_q17_dr25_tce,5672.00,68.00,-85.00,4.503,0.015,-0.080,0.9650,0.0940,-0.0360,288.978240,39.750259,13.942
4738095,K08096.01,,FALSE POSITIVE,FALSE POSITIVE,0.0000,1,0,0,0,309.933134000,9.4760000e-03,-9.4760000e-03,141.9846000,2.010000e-02,-2.010000e-02,0.7300,0.2240,-0.4910,7.16500,0.76000,-0.76000,1.7610e+02,2.690e+01,-2.690e+01,1.80,3.800e-01,-2.500e-01,319.0,,,2.43,1.47,-0.85,8.30,1,q1_q17_dr25_tce,6299.00,149.00,-204.00,4.325,0.081,-0.150,1.2620,0.2630,-0.1750,289.168150,39.829182,13.147
10023069,K08192.01,,FALSE POSITIVE,FALSE POSITIVE,0.1970,1,0,0,0,266.977677000,2.8490000e-03,-2.8490000e-03,240.8434200,8.990000e-03,-8.990000e-03,0.8950,0.0500,-0.6940,8.59000,0.29100,-0.29100,3.8960e+02,2.730e+01,-2.730e+01,7.86,9.700e-01,-2.890e+00,549.0,,,21.53,8.68,-13.92,16.00,1,q1_q17_dr25_tce,6619.00,180.00,-200.00,3.595,0.296,-0.074,3.4100,0.4180,-1.2550,296.231840,46.909012,13.357
10028127,K08193.01,,CANDIDATE,CANDIDATE,0.5190,0,0,0,0,367.947848000,4.7870000e-03,-4.7870000e-03,416.2099800,9.720000e-03,-9.720000e-03,0.9020,0.0620,-0.6380,4.24900,0.31800,-0.31800,1.3010e+03,1.420e+02,-1.420e+02,3.72,9.000e-01,-3.000e-01,228.0,,,0.64,0.45,-0.16,10.70,1,q1_q17_dr25_tce,5570.00,150.00,-166.00,4.561,0.030,-0.170,0.8550,0.2070,-0.0690,297.733980,46.961529,15.719
10079317,K08194.01,,FALSE POSITIVE,FALSE POSITIVE,0.0240,1,0,0,0,236.257768880,,,153.9570927,,,0.0850,,,3.35490,,,1.6840e+02,,,2.69,5.500e-01,-8.300e-01,460.0,,,10.61,6.41,-6.11,5.30,1,q1_q17_dr25_tce,6645.00,167.00,-200.00,3.952,0.266,-0.114,2.0540,0.4210,-0.6320,293.505340,47.018719,12.885
10079481,K08195.01,,FALSE POSITIVE,FALSE POSITIVE,0.0000,1,0,0,0,330.808790000,2.3790000e-02,-2.3790000e-02,281.1568000,2.440000e-02,-2.440000e-02,0.9200,0.0230,-0.6290,21.66900,0.35800,-0.35800,2.7480e+02,1.230e+01,-1.230e+01,2.13,4.400e-01,-3.000e-01,290.0,,,1.67,1.02,-0.58,24.40,1,q1_q17_dr25_tce,6158.00,155.00,-186.00,4.382,0.096,-0.144,1.0660,0.2220,-0.1480,293.565280,47.093620,11.976
10081899,K08196.01,,FALSE POSITIVE,FALSE POSITIVE,0.0000,1,0,0,0,522.646130000,5.2850000e-02,-5.2850000e-02,190.3389000,7.630000e-02,-7.630000e-02,0.0070,0.4360,-0.0070,17.77000,2.60000,-2.60000,6.4810e+02,7.430e+01,-7.430e+01,0.80,7.000e-02,-1.000e-01,92.0,,,0.02,0.00,-0.01,10.50,1,q1_q17_dr25_tce,3439.00,41.00,-41.00,4.939,0.044,-0.036,0.3180,0.0300,-0.0370,294.464570,47.045441,15.279
10199817,K08197.01,,FALSE POSITIVE,FALSE POSITIVE,0.0530,1,0,0,0,392.942470000,1.5300000e-02,-1.5300000e-02,383.6730000,3.450000e-02,-3.450000e-02,0.0100,0.4360,-0.0100,11.05500,0.84900,-0.84900,1.2030e+02,1.310e+01,-1.310e+01,1.60,3.900e-01,-5.900e-01,347.0,,,3.43,2.58,-2.24,10.00,1,q1_q17_dr25_tce,6596.00,206.00,-229.00,4.073,0.385,-0.165,1.4400,0.3530,-0.5290,288.394560,47.264351,12.152
10205598,K08198.01,,FALSE POSITIVE,FALSE POSITIVE,0.0080,1,0,0,0,373.893980000,1.6610000e-02,-1.6610000e-02,261.4968000,3.490000e-02,-3.490000e-02,0.9630,0.0670,-0.6580,27.66000,2.30000,-2.30000,7.3000e+02,5.240e+01,-5.240e+01,2.51,2.700e-01,-2.400e-01,206.0,,,0.42,0.16,-0.11,18.50,3,q1_q17_dr25_tce,5263.00,157.00,-141.00,4.574,0.078,-0.052,0.6990,0.0740,-0.0660,290.935970,47.290730,14.911
10031643,K07984.01,,FALSE POSITIVE,FALSE POSITIVE,0.0000,0,0,0,1,8.589870800,1.8460000e-04,-1.8460000e-04,132.0161000,1.570000e-02,-1.570000e-02,0.7650,0.0230,-0.5410,4.80600,0.63400,-0.63400,8.7700e+01,1.300e+01,-1.300e+01,1.11,3.200e-01,-2.300e-01,929.0,,,176.40,152.77,-77.60,8.40,1,q1_q17_dr25_tce,5638.00,169.00,-152.00,4.296,0.231,-0.189,1.0880,0.3130,-0.2280,298.749210,46.973351,14.478
10090151,K07985.01,,FALSE POSITIVE,FALSE POSITIVE,0.0000,0,1,1,0,0.527698548,1.1600000e-07,-1.1600000e-07,131.7050930,1.700000e-04,-1.700000e-04,1.2520,0.0510,-0.0490,3.22210,0.01740,-0.01740,1.5792e+03,4.600e+00,-4.600e+00,29.35,7.700e+00,-2.570e+00,2088.0,,,4500.53,3406.38,-1175.26,453.30,1,q1_q17_dr25_tce,5638.00,139.00,-166.00,4.529,0.035,-0.196,0.9030,0.2370,-0.0790,297.188750,47.093819,14.082
10128825,K07986.01,,CANDIDATE,CANDIDATE,0.4970,0,0,0,0,1.739849410,1.7800000e-05,-1.7800000e-05,133.0012700,7.690000e-03,-7.690000e-03,0.0430,0.4230,-0.0430,3.11400,0.22900,-0.22900,4.8500e+01,5.400e+00,-5.400e+00,0.72,2.400e-01,-8.000e-02,1608.0,,,1585.81,1537.86,-502.22,10.60,1,q1_q17_dr25_tce,6119.00,165.00,-220.00,4.444,0.056,-0.224,1.0310,0.3410,-0.1140,286.509370,47.163219,14.757
10147276,K07987.01,,FALSE POSITIVE,FALSE POSITIVE,0.0210,0,0,1,0,0.681401611,2.4340000e-06,-2.4340000e-06,132.1817500,2.850000e-03,-2.850000e-03,0.1470,0.3090,-0.1470,0.86500,0.16200,-0.16200,1.0360e+02,1.470e+01,-1.470e+01,1.07,3.600e-01,-1.100e-01,2218.0,,,5713.41,5675.74,-1836.94,12.30,1,q1_q17_dr25_tce,6173.00,193.00,-236.00,4.447,0.056,-0.224,1.0410,0.3410,-0.1140,294.164890,47.176281,15.385
10155286,K07988.01,,CANDIDATE,CANDIDATE,0.0920,0,0,0,0,333.486169000,4.2350000e-03,-4.2350000e-03,153.6150100,5.070000e-03,-5.070000e-03,0.2140,0.2550,-0.2140,3.19900,0.22900,-0.22900,6.3910e+02,5.270e+01,-5.270e+01,19.30,5.500e-01,-4.680e+00,557.0,,,22.68,2.07,-10.95,14.00,1,q1_q17_dr25_tce,4989.00,39.00,-128.00,2.992,0.030,-0.027,7.8240,0.2230,-1.8960,296.762880,47.145142,10.998
10156110,K07989.01,,FALSE POSITIVE,FALSE POSITIVE,0.0000,0,0,1,1,4.856034820,6.3560000e-05,-6.3560000e-05,135.9933000,1.080000e-02,-1.080000e-02,0.1340,0.3230,-0.1340,3.07800,0.28300,-0.28300,7.6700e+01,1.080e+01,-1.080e+01,1.05,3.600e-01,-1.200e-01,1266.0,,,607.42,600.39,-194.33,8.20,1,q1_q17_dr25_tce,6469.00,158.00,-225.00,4.385,0.054,-0.216,1.1930,0.4100,-0.1370,297.009770,47.121021,14.826
1_q17_dr25_tce,,,,,,,,,,301.661800,44.577499,14.010
8588982,K08158.01,,FALSE POSITIVE,FALSE POSITIVE,0.0010,1,0,0,0,116.025744000,1.3440000e-03,-1.3440000e-03,206.3934800,6.020000e-03,-6.020000e-03,0.0170,0.6350,-0.0170,3.53900,0.79000,-0.79000,1.3610e+03,1.070e+02,-1.070e+02,37.99,6.610e+00,-8.820e+00,893.0,,,150.02,66.72,-67.22,18.50,1,q1_q17_dr25_tce,4575.00,54.00,-75.00,2.592,0.136,-0.084,10.7880,1.8780,-2.5040,300.587680,44.681862,12.184
6182508,K08261.01,,FALSE POSITIVE,FALSE POSITIVE,0.1280,1,0,0,0,85.977042600,8.8020000e-04,-8.8020000e-04,159.3127000,1.070000e-02,-1.070000e-02,0.0420,0.4060,-0.0420,1.91900,0.22400,-0.22400,1.0640e+03,1.580e+02,-1.580e+02,1.46,1.200e-01,-1.700e-01,202.0,,,0.40,0.10,-0.12,8.00,1,q1_q17_dr25_tce,3710.00,81.00,-89.00,4.797,0.054,-0.036,0.4520,0.0360,-0.0530,282.909850,41.502739,15.901
6195669,K08262.01,,FALSE POSITIVE,FALSE POSITIVE,0.0900,0,1,0,0,370.943530000,1.2560000e-02,-1.2560000e-02,261.1772000,2.190000e-02,-2.190000e-02,1.2940,70.8600,-2.5010,16.64000,1.30000,-1.30000,1.0713e+03,8.830e+01,-8.830e+01,27.77,6.480e+00,-2.150e+00,228.0,,,0.64,0.45,-0.15,14.60,1,q1_q17_dr25_tce,5755.00,155.00,-173.00,4.588,0.040,-0.160,0.7760,0.1810,-0.0600,288.813570,41.555119,15.048
6356506,K08263.01,,CANDIDATE,CANDIDATE,0.2910,0,0,0,0,280.555440000,2.5260000e-02,-2.5260000e-02,308.0323000,4.040000e-02,-4.040000e-02,0.0310,0.4190,-0.0310,12.75700,0.72300,-0.72300,4.0140e+02,4.840e+01,-4.840e+01,2.17,7.200e-01,-2.400e-01,308.0,,,2.13,2.11,-0.69,9.30,1,q1_q17_dr25_tce,6292.00,174.00,-240.00,4.426,0.054,-0.216,1.0780,0.3610,-0.1200,289.325930,41.749939,15.160
6583107,K08264.01,,FALSE POSITIVE,FALSE POSITIVE,0.1680,1,0,0,0,30.626192700,2.3830000e-04,-2.3830000e-04,157.9461300,6.980000e-03,-6.980000e-03,0.3860,0.2020,-0.3860,1.10700,0.23800,-0.23800,1.6260e+02,3.910e+01,-3.910e+01,1.55,4.300e-01,-3.800e-01,655.0,,,43.61,36.13,-21.98,6.60,1,q1_q17_dr25_tce,5860.00,177.00,-195.00,4.244,0.231,-0.189,1.1970,0.3280,-0.2950,283.242830,42.028561,13.891
6681618,K08265.01,,FALSE POSITIVE,FALSE POSITIVE,0.1280,1,0,0,0,364.421890000,1.6750000e-02,-1.6750000e-02,303.9267000,2.580000e-02,-2.580000e-02,1.2760,70.0800,-1.7750,38.14000,1.90000,-1.90000,2.4980e+03,1.120e+02,-1.120e+02,36.37,1.096e+01,-3.670e+00,264.0,,,1.14,1.05,-0.35,28.50,1,q1_q17_dr25_tce,6047.00,190.00,-232.00,4.470,0.052,-0.208,1.0020,0.3020,-0.1010,288.773160,42.137081,15.975
6946985,K08266.01,,FALSE POSITIVE,FALSE POSITIVE,0.3880,1,0,0,0,440.584562000,8.2620000e-03,-8.2620000e-03,564.1280600,9.160000e-03,-9.160000e-03,0.0620,0.3980,-0.0620,10.53400,0.39200,-0.39200,6.5900e+01,4.800e+00,-4.800e+00,1.67,7.700e-01,-4.200e-01,505.0,,,15.38,21.31,-8.07,16.10,1,q1_q17_dr25_tce,9935.00,276.00,-415.00,4.205,0.144,-0.267,1.9960,0.9230,-0.4970,291.295500,42.449940,9.397
7106438,K08267.01,,FALSE POSITIVE,FALSE POSITIVE,0.1270,1,0,0,0,269.331027000,8.1330000e-03,-8.1330000e-03,232.6164000,2.510000e-02,-2.510000e-02,0.6790,0.0460,-0.4990,4.89100,0.68900,-0.68900,5.1570e+02,8.170e+01,-8.170e+01,2.54,8.600e-01,-3.400e-01,304.0,,,2.02,2.08,-0.73,7.90,1,q1_q17_dr25_tce,6129.00,193.00,-236.00,4.419,0.072,-0.217,1.0550,0.3580,-0.1430,288.083680,42.676392,15.394
9529148,K07942.01,,FALSE POSITIVE,FALSE POSITIVE,0.2930,1,0,0,0,25.342869600,2.4420000e-04,-2.4420000e-04,132.6844000,9.370000e-03,-9.370000e-03,0.5540,0.0120,-0.4730,1.51000,0.29600,-0.29600,2.3050e+02,4.160e+01,-4.160e+01,1.85,5.500e-01,-2.300e-01,706.0,,,58.81,50.63,-19.50,7.50,1,q1_q17_dr25_tce,6311.00,151.00,-227.00,4.398,0.052,-0.195,1.1720,0.3530,-0.1410,292.941800,46.193691,15.000
9531850,K07943.01,,FALSE POSITIVE,FALSE POSITIVE,0.0000,1,0,0,0,0.662342650,5.0970000e-06,-5.0970000e-06,131.7140000,8.120000e-03,-8.120000e-03,0.6310,0.0320,-0.4880,1.04900,0.14500,-0.14500,2.3590e+03,2.720e+02,-2.720e+02,5.13,0.000e+00,0.000e+00,2089.0,,,4499.32,0.00,0.00,12.40,1,q1_q17_dr25_tce,5780.00,,,4.438,,,1.0000,,,294.086330,46.131641,17.332
9541094,K07944.01,,FALSE POSITIVE,FALSE POSITIVE,0.0000,1,0,1,1,0.536654028,2.7640000e-06,-2.7640000e-06,131.7066300,4.930000e-03,-4.930000e-03,0.6200,0.0180,-0.4990,2.78300,0.16900,-0.16900,4.1000e+01,2.500e+00,-2.500e+00,0.67,1.900e-01,-9.000e-02,2299.0,,,6574.04,5356.26,-2175.84,21.80,1,q1_q17_dr25_tce,5887.00,146.00,-176.00,4.421,0.087,-0.203,1.0010,0.2830,-0.1310,297.275790,46.132751,13.805
9579753,K07945.01,,FALSE POSITIVE,FALSE POSITIVE,0.0000,0,0,0,1,1.089081490,1.4200000e-05,-1.4200000e-05,132.0192000,1.400000e-02,-1.400000e-02,0.3100,0.1490,-0.3100,2.26200,0.25100,-0.25100,1.3070e+02,1.550e+01,-1.550e+01,0.69,4.000e-02,-8.000e-02,1131.0,,,386.20,123.02,-124.33,9.90,1,q1_q17_dr25_tce,4327.00,152.00,-167.00,4.639,0.060,-0.024,0.6140,0.0440,-0.0670,287.954900,46.298271,15.597
9588880,K07946.01,,FALSE POSITIVE,FALSE POSITIVE,0.2350,1,0,0,0,77.976211550,,,175.3549500,,,,,,2.00000,,,,,,,,,,,,,,,,7,q1_q17_dr25_tce,,,,,,,,,,292.165950,46.227631,14.703
9592831,K07947.01,,FALSE POSITIVE,FALSE POSITIVE,0.0000,1,0,1,1,0.609668222,9.1700000e-06,-9.1700000e-06,131.9340000,1.660000e-02,-1.660000e-02,0.1350,0.3290,-0.1350,2.83600,0.26700,-0.26700,2.8760e+02,2.270e+01,-2.270e+01,1.35,2.300e-01,-1.000e-01,1805.0,,,2491.57,1431.05,-640.58,15.70,1,q1_q17_dr25_tce,5296.00,190.00,-174.00,4.576,0.030,-0.120,0.8150,0.1380,-0.0640,293.760860,46.231201,16.678
9602658,K07948.01,,FALSE POSITIVE,FALSE POSITIVE,0.0000,1,0,1,1,3.556504030,6.8380000e-05,-6.8380000e-05,133.5416000,1.390000e-02,-1.390000e-02,0.8460,0.1250,-0.5960,6.86200,0.48600,-0.48600,1.3230e+02,1.330e+01,-1.330e+01,0.56,7.000e-02,-9.000e-02,580.0,,,26.66,12.76,-10.17,11.80,1,q1_q17_dr25_tce,3745.00,122.00,-133.00,4.819,0.077,-0.056,0.4270,0.0600,-0.0660,297.162840,46.276310,15.802
11453349,K08055.01,,CANDIDATE,CANDIDATE,0.9070,0,0,0,0,4.406607370,4.1220000e-05,-4.1220000e-05,133.3556100,7.740000e-03,-7.740000e-03,0.4330,0.0350,-0.4330,2.10700,0.25700,-0.25700,7.0700e+01,1.110e+01,-1.110e+01,0.86,2.700e-01,-9.000e-02,1152.0,,,415.56,400.77,-127.23,8.10,1,q1_q17_dr25_tce,6063.00,190.00,-211.00,4.470,0.052,-0.208,1.0010,0.3180,-0.1060,290.818240,49.305580,14.689
11560397,K08056.01,,FALSE POSITIVE,FALSE POSITIVE,0.0000,0,0,1,1,0.527673051,2.9120000e-06,-2.9120000e-06,131.8204200,5.210000e-03,-5.210000e-03,0.2160,0.2590,-0.2160,1.63100,0.16300,-0.16300,2.8300e+01,2.800e+00,-2.800e+00,1.43,2.500e-01,-7.600e-01,4056.0,,,63629.23,36040.94,-51500.22,13.50,1,q1_q17_dr25_tce,6762.00,214.00,-262.00,3.738,0.544,-0.096,2.6370,0.4640,-1.3910,292.546630,49.543373,13.699
11565903,K08057.01,,FALSE POSITIVE,FALSE POSITIVE,0.2380,1,0,0,0,117.140785000,4.4690000e-03,-4.4690000e-03,245.0828000,2.040000e-02,-2.040000e-02,0.6430,0.2990,-0.4260,3.40100,0.75800,-0.75800,3.3710e+02,5.320e+01,-5.320e+01,15.87,4.800e-01,-4.340e+00,862.0,,,130.52,13.58,-71.18,8.50,1,q1_q17_dr25_tce,5282.00,52.00,-195.00,2.932,0.033,-0.027,8.2430,0.2500,-2.2510,295.140560,49.557060,13.015
11601597,K08058.01,,FALSE POSITIVE,FALSE POSITIVE,0.0000,0,1,0,0,0.590281548,4.0620000e-06,-4.0620000e-06,131.6912700,6.540000e-03,-6.540000e-03,0.8010,0.1620,-0.5580,2.72000,0.35200,-0.35200,2.1600e+01,1.400e+00,-1.400e+00,0.68,1.500e-01,-1.600e-01,2643.0,,,11597.35,7737.68,-5421.27,20.60,1,q1_q17_dr25_tce,6124.00,165.00,-184.00,4.196,0.198,-0.132,1.3150,0.2950,-0.2950,286.478490,49.641140,12.174
11612241,K08059.01,,FALSE POSITIVE,FALSE POSITIVE,0.0000,1,0,1,1,4.564714700,1.0060000e-04,-1.0060000e-04,133.0763000,1.710000e-02,-1.710000e-02,0.6470,0.3180,-0.4210,13.39500,0.63000,-0.63000,9.9300e+01,6.400e+00,-6.400e+00,1.04,3.100e-01,-1.400e-01,1131.0,,,387.76,344.79,-128.18,18.00,3,q1_q17_dr25_tce,5953.00,161.00,-179.00,4.433,0.087,-0.203,0.9900,0.3000,-0.1290,292.653870,49.644138,14.095
11661803,K08060.01,,FALSE POSITIVE,FALSE POSITIVE,0.0000,1,0,0,0,372.086704000,2.3790000e-03,-2.3790000e-03,404.8990100,4.730000e-03,-4.730000e-03,1.2660,72.5800,-1.6940,3.68600,0.26500,-0.26500,2.4940e+03,1.580e+02,-1.580e+02,38.40,1.332e+01,-4.430e+00,283.0,,,1.51,1.54,-0.50,18.00,1,q1_q17_dr25_tce,6289.00,174.00,-240.00,4.411,0.072,-0.217,1.0930,0.3790,-0.1260,291.882290,49.748161,15.279
11661803,K08060.02,,FALSE POSITIVE,FALSE POSITIVE,0.0000,0,1,1,0,363.448167000,4.1100000e-03,-4.1100000e-03,411.1933600,6.800000e-03,-6.800000e-03,1.2590,72.2600,-3.8870,6.01300,0.44800,-0.44800,2.1240e+03,1.340e+02,-1.340e+02,37.03,1.284e+01,-4.270e+00,285.0,,,1.56,1.59,-0.52,19.40,2,q1_q17_dr25_tce,6289.00,174.00,-240.00,4.411,0.072,-0.217,1.0930,0.3790,-0.1260,291.882290,49.748161,15.279
8608544,K08159.01,,FALSE POSITIVE,FALSE POSITIVE,0.0070,1,0,0,0,348.681620000,1.0870000e-02,-1.0870000e-02,343.8210000,2.000000e-02,-2.000000e-02,0.5060,0.4490,-0.2960,10.95900,0.74400,-0.74400,3.0930e+02,2.920e+01,-2.920e+01,2.09,7.100e-01,-2.300e-01,302.0,,,1.96,1.87,-0.59,11.90,1,q1_q17_dr25_tce,6450.00,144.00,-192.00,4.386,0.067,-0.216,1.1550,0.3890,-0.1300,284.192170,44.762112,13.971
8608544,K08159.02,,CANDIDATE,CANDIDATE,0.5730,0,0,0,0,353.018610000,1.1110000e-02,-1.1110000e-02,350.0863000,2.190000e-02,-2.190000e-02,0.0640,0.3590,-0.0640,15.58300,0.48100,-0.48100,3.7510e+02,2.770e+01,-2.770e+01,2.25,7.600e-01,-2.500e-01,301.0,,,1.93,1.84,-0.58,14.90,2,q1_q17_dr25_tce,6450.00,144.00,-192.00,4.386,0.067,-0.216,1.1550,0.3890,-0.1300,284.192170,44.762112,13.971
8618147,K08160.01,,FALSE POSITIVE,FALSE POSITIVE,0.0770,1,0,0,0,345.128277000,9.5290000e-03,-9.5290000e-03,218.6620000,1.880000e-02,-1.880000e-02,0.1750,0.2610,-0.1740,15.92500,0.57800,-0.57800,3.2440e+02,3.280e+01,-3.280e+01,1.94,6.100e-01,-2.000e-01,282.0,,,1.50,1.38,-0.46,11.40,1,q1_q17_dr25_tce,6214.00,174.00,-217.00,4.442,0.052,-0.208,1.0760,0.3350,-0.1120,289.295070,44.716560,14.495
8630840,K08161.01,,FALSE POSITIVE,FALSE POSITIVE,0.1020,1,0,0,0,370.386420000,6.7460000e-02,-6.7460000e-02,263.3823000,8.090000e-02,-8.090000e-02,0.0060,0.4470,-0.0060,23.94000,3.20000,-3.20000,1.8620e+02,1.710e+01,-1.710e+01,2.12,6.200e-01,-6.100e-01,328.0,,,2.74,2.33,-1.55,13.90,1,q1_q17_dr25_tce,6179.00,167.00,-223.00,4.134,0.246,-0.164,1.5550,0.4510,-0.4510,294.133480,44.717350,13.732
8683144,K08162.01,,FALSE POSITIVE,FALSE POSITIVE,0.0000,1,0,0,0,267.970682000,9.7480000e-03,-9.7480000e-03,267.9789000,3.170000e-02,-3.170000e-02,0.0080,0.4420,-0.0080,11.48000,1.40000,-1.40000,3.5770e+02,3.930e+01,-3.930e+01,1.70,5.200e-01,-1.800e-01,280.0,,,1.45,1.31,-0.42,10.40,1,q1_q17_dr25_tce,6008.00,163.00,-181.00,4.519,0.052,-0.208,0.8970,0.2770,-0.0920,289.485990,44.886089,14.077
8708961,K08163.01,,CANDIDATE,CANDIDATE,0.2120,0,0,0,0,370.982530000,1.2320000e-02,-1.2320000e-02,308.2287000,2.210000e-02,-2.210000e-02,1.6550,6.5400,-0.2480,17.84000,1.30000,-1.30000,5.5230e+02,4.150e+01,-4.150e+01,119.96,3.187e+01,-4.784e+01,338.0,,,3.07,2.47,-2.09,15.70,1,q1_q17_dr25_tce,6028.00,181.00,-181.00,4.013,0.420,-0.140,1.6300,0.4330,-0.6500,298.212650,44.804790,13.936
8740744,K08164.01,,FALSE POSITIVE,FALSE POSITIVE,0.0000,1,0,0,0,417.829033000,1.5910000e-03,-1.5910000e-03,138.8786000,2.260000e-02,-2.260000e-02,0.2790,0.1580,-0.2790,15.05000,1.00000,-1.00000,5.0080e+02,5.640e+01,-5.640e+01,2.19,7.200e-01,-2.400e-01,248.0,,,0.90,0.89,-0.28,8.90,1,q1_q17_dr25_tce,6018.00,190.00,-211.00,4.485,0.056,-0.224,0.9750,0.3180,-0.1060,285.941160,44.994148,15.499
7451315,K08268.01,,FALSE POSITIVE,FALSE POSITIVE,0.2310,1,0,0,0,368.522400000,2.5540000e-02,-2.5540000e-02,177.4540000,5.660000e-02,-5.660000e-02,1.2200,69.6000,-4.3400,36.29000,2.20000,-2.20000,1.3302e+03,7.110e+01,-7.110e+01,26.70,8.000e+00,-3.430e+00,260.0,,,1.09,0.99,-0.38,22.70,1,q1_q17_dr25_tce,6063.00,191.00,-233.00,4.473,0.070,-0.210,0.9410,0.2820,-0.1210,293.708400,43.088150,15.564
7751294,K08269.01,,FALSE POSITIVE,FALSE POSITIVE,0.1140,1,0,0,0,371.458977600,,,309.8187992,,,0.0370,,,10.07340,,,4.5660e+02,,,2.22,6.700e-01,-2.800e-01,283.0,,,1.51,1.33,-0.50,10.80,1,q1_q17_dr25_tce,6388.00,171.00,-209.00,4.427,0.067,-0.202,1.0330,0.3100,-0.1330,291.193210,43.475128,14.280
7832787,K08270.01,,CANDIDATE,CANDIDATE,0.5780,0,0,0,0,338.006920000,1.2400000e-02,-1.2400000e-02,262.4000000,2.480000e-02,-2.480000e-02,0.1840,0.2460,-0.1840,16.74500,0.67500,-0.67500,5.4430e+02,4.110e+01,-4.110e+01,2.09,6.000e-01,-2.100e-01,249.0,,,0.91,0.77,-0.25,15.30,1,q1_q17_dr25_tce,5741.00,153.00,-170.00,4.502,0.062,-0.188,0.8980,0.2600,-0.0870,295.222990,43.590439,15.023
8008913,K08271.01,,FALSE POSITIVE,FALSE POSITIVE,0.2840,1,0,0,0,34.998908500,3.4980000e-04,-3.4980000e-04,160.3230800,7.390000e-03,-7.390000e-03,0.8960,0.0760,-0.6360,1.76400,0.29400,-0.29400,4.2710e+02,6.880e+01,-6.880e+01,1.65,1.700e-01,-1.100e-01,376.0,,,4.74,1.66,-1.08,7.50,1,q1_q17_dr25_tce,4559.00,121.00,-134.00,4.653,0.025,-0.053,0.6480,0.0660,-0.0440,282.905090,43.871769,15.326
8022520,K08272.01,,CANDIDATE,CANDIDATE,0.1200,0,0,0,0,432.427870000,3.7390000e-02,-3.7390000e-02,361.4078000,3.940000e-02,-3.940000e-02,0.7160,0.2770,-0.4910,19.63000,3.40000,-3.40000,1.1030e+02,7.040e+01,-7.040e+01,1.14,3.700e-01,-1.300e-01,259.0,,,1.07,1.04,-0.32,6.00,1,q1_q17_dr25_tce,6263.00,169.00,-188.00,4.460,0.054,-0.216,1.0090,0.3350,-0.1120,289.665740,43.879459,13.814
8108450,K08273.01,,FALSE POSITIVE,FALSE POSITIVE,0.1040,1,0,0,0,386.787340000,2.9480000e-02,-2.9480000e-02,354.9326000,5.480000e-02,-5.480000e-02,0.4790,0.0300,-0.4410,15.51000,2.30000,-2.30000,7.4370e+02,9.660e+01,-9.660e+01,2.34,4.400e-01,-2.900e-01,224.0,,,0.60,0.37,-0.20,10.30,2,q1_q17_dr25_tce,5425.00,185.00,-185.00,4.484,0.104,-0.138,0.8470,0.1600,-0.1070,295.497590,43.909611,15.876
8293631,K08274.01,,FALSE POSITIVE,FALSE POSITIVE,0.2890,1,0,0,0,449.557346000,6.3410000e-03,-6.3410000e-03,142.8226000,1.220000e-02,-1.220000e-02,0.6900,0.2150,-0.4610,17.22700,0.39600,-0.39600,1.1931e+03,4.630e+01,-4.630e+01,55.33,2.080e+00,-1.868e+01,721.0,,,64.05,11.16,-42.25,28.40,1,q1_q17_dr25_tce,5323.00,117.00,-327.00,2.510,0.036,-0.027,15.0750,0.5660,-5.0900,289.641420,44.224751,13.810
9604563,K07949.01,,CANDIDATE,CANDIDATE,0.9120,0,0,0,0,1.001916708,6.4030000e-06,-6.4030000e-06,132.4703300,5.210000e-03,-5.210000e-03,0.0740,0.4020,-0.0740,1.25600,0.18800,-0.18800,7.0900e+01,1.020e+01,-1.020e+01,0.62,1.000e-01,-5.000e-02,1545.0,,,1352.47,741.15,-323.45,8.30,1,q1_q17_dr25_tce,5521.00,165.00,-148.00,4.613,0.037,-0.112,0.7340,0.1270,-0.0580,297.696620,46.264679,14.985
9639021,K07950.01,,FALSE POSITIVE,FALSE POSITIVE,0.1470,0,0,1,0,2.215680760,2.9320000e-05,-2.9320000e-05,132.2661900,9.730000e-03,-9.730000e-03,0.5630,0.0070,-0.4970,1.51500,0.38600,-0.38600,4.3600e+01,9.400e+00,-9.400e+00,0.57,9.000e-02,-7.000e-02,1236.0,,,550.44,275.86,-178.46,6.90,1,q1_q17_dr25_tce,5349.00,159.00,-159.00,4.478,0.115,-0.115,0.8360,0.1300,-0.1060,286.809140,46.390411,13.805
9640649,K07951.01,,CANDIDATE,CANDIDATE,0.9710,0,0,0,0,0.862329309,4.1070000e-06,-4.1070000e-06,132.1621400,3.960000e-03,-3.960000e-03,0.4210,0.0360,-0.4210,1